200
0 1 2 3 4 5 6 7 8 9 10 11 12 13 14 15 16 17 18 19 20 21 22 23 24 25 26 27 28 29 30 31 32 33 34 35 36 37 38 39 40 41 42 43 44 45 46 47 48 49 50 51 52 53 54 55 56 57 58 59 60 61 62 63 64 65 66 67 68 69 70 71 72 73 74 75 76 77 78 79 80 81 82 83 84 85 86 87 88 89 90 91 92 93 94 95 96 97 98 99 100 101 102 103 104 105 106 107 108 109 110 111 112 113 114 115 116 117 118 119 120 121 122 123 124 125 126 127 128 129 130 131 132 133 134 135 136 137 138 139 140 141 142 143 144 145 146 147 148 149 150 151 152 153 154 155 156 157 158 159 160 161 162 163 164 165 166 167 168 169 170 171 172 173 174 175 176 177 178 179 180 181 182 183 184 185 186 187 188 189 190 191 192 193 194 195 196 197 198 199 
11940
115 146
22 63
87 91
59 129
11 34
78 174
13 60
23 138
42 112
45 187
56 106
99 121
114 127
143 170
130 162
66 79
134 139
61 64
133 143
54 133
67 126
24 31
124 194
120 172
36 37
37 142
68 87
24 121
78 143
86 105
120 198
44 151
50 74
26 198
148 170
117 156
135 147
94 177
76 168
19 33
67 174
128 193
179 183
111 153
94 168
33 59
94 196
71 141
22 30
23 139
92 123
21 187
2 120
97 198
134 179
183 185
8 174
10 197
68 169
24 103
23 143
116 161
32 96
23 34
93 115
198 199
29 43
8 191
64 69
107 138
15 27
30 52
142 156
47 79
36 178
59 181
43 114
161 180
189 190
40 46
150 195
25 160
45 174
43 79
5 23
34 74
117 196
149 186
38 121
17 171
118 162
144 189
153 170
7 18
11 54
43 92
116 127
88 128
9 107
16 98
31 69
87 146
192 198
32 117
176 186
15 67
111 167
22 136
69 96
33 199
53 91
37 48
131 157
46 144
85 198
125 149
78 146
56 124
4 79
131 178
63 108
120 131
17 126
10 161
62 95
118 175
60 128
11 153
11 23
111 194
55 139
92 103
56 170
57 59
84 115
45 114
174 199
27 127
92 166
22 123
133 150
78 116
88 136
31 170
30 184
90 110
4 199
48 108
24 118
25 83
34 94
107 147
24 95
62 188
136 142
82 122
82 195
21 102
24 164
31 126
64 68
132 141
4 176
38 152
4 13
149 181
136 165
71 120
11 38
18 191
20 37
51 103
66 76
123 179
26 64
40 196
10 146
16 141
46 186
52 172
166 187
52 119
44 106
184 197
5 95
10 124
43 81
28 69
101 163
63 184
19 60
6 51
17 169
61 151
17 55
77 185
157 185
26 31
13 158
7 159
46 97
79 197
86 112
15 99
49 190
49 56
22 97
116 121
28 116
30 35
162 164
18 67
68 168
113 146
171 181
40 163
74 85
93 169
31 97
139 174
123 194
12 56
41 174
70 189
138 169
97 128
48 117
54 172
139 192
19 65
0 190
160 193
74 131
140 164
123 152
46 199
40 183
120 178
84 159
66 163
92 114
34 50
3 110
111 139
120 168
5 190
26 147
8 176
70 136
103 192
69 149
20 117
139 149
12 121
52 189
29 59
152 166
66 132
150 168
52 101
151 173
119 161
66 91
47 48
2 85
1 83
123 160
137 157
133 176
50 168
104 173
141 190
136 187
85 162
27 198
41 108
87 178
155 173
101 114
25 60
25 166
152 160
110 187
86 126
38 112
67 90
66 128
51 199
23 128
56 86
35 102
57 93
130 150
162 165
56 127
48 122
25 179
28 67
8 12
120 190
13 157
111 161
23 186
90 158
43 131
3 199
111 157
93 136
54 147
95 170
17 60
103 149
16 133
50 132
52 157
98 100
38 62
55 116
61 139
154 199
103 136
125 193
61 159
77 92
182 186
89 95
79 93
4 30
112 149
94 183
34 156
173 174
103 114
30 135
137 192
42 130
12 195
27 195
29 110
166 168
2 8
89 138
119 196
81 116
43 51
55 130
89 149
35 181
29 133
107 109
26 82
61 77
46 71
15 188
79 179
58 101
8 32
67 153
56 62
13 168
176 194
85 183
12 118
35 37
66 142
83 163
126 199
24 81
80 176
154 192
19 176
47 74
95 163
111 184
104 117
15 35
111 164
93 182
73 141
141 144
47 199
40 72
57 71
91 120
34 53
20 101
166 171
31 115
4 76
56 141
36 188
8 134
7 191
59 98
38 173
106 189
11 116
1 73
78 87
51 129
95 148
55 181
45 141
16 77
14 130
103 144
18 115
68 153
67 93
45 190
142 179
179 184
75 144
37 53
59 115
33 53
34 75
44 69
49 146
84 85
118 146
17 80
6 103
27 80
53 121
7 36
39 102
129 145
50 106
121 174
34 183
35 49
36 132
59 120
100 162
32 174
68 91
140 174
3 197
2 65
53 138
0 61
50 117
110 146
79 189
1 179
69 179
22 151
64 110
13 101
100 196
108 170
56 82
82 162
106 151
71 115
176 179
39 187
36 177
25 110
38 44
57 144
29 97
108 163
2 7
56 84
68 115
115 168
150 191
103 182
82 129
24 180
68 191
78 123
100 193
41 178
27 50
82 183
142 197
97 122
92 149
54 131
192 196
156 191
50 126
1 68
81 124
79 159
48 134
53 170
71 121
48 153
66 86
25 186
0 23
38 81
17 133
131 165
30 185
36 123
57 115
3 52
73 155
101 151
21 174
59 190
18 101
35 131
145 185
18 35
89 171
2 154
48 197
81 152
50 76
70 176
5 124
167 180
70 135
3 116
30 190
34 64
57 196
38 107
173 183
73 116
90 188
8 160
29 33
158 184
28 88
10 148
13 14
142 180
148 188
156 169
47 166
26 183
105 126
66 151
7 164
100 104
146 149
105 169
115 126
123 146
33 192
84 168
41 72
174 183
129 137
130 188
64 131
9 133
49 51
164 197
15 42
65 133
1 26
5 191
104 116
65 174
93 98
157 188
19 174
160 197
76 139
9 56
79 106
77 175
36 96
2 175
97 125
45 138
52 55
51 150
7 157
121 139
94 169
22 49
154 163
73 125
30 73
79 123
10 121
87 119
89 180
14 163
22 112
17 184
51 62
2 90
49 140
141 176
72 118
72 100
107 117
121 165
66 182
23 41
29 106
6 142
31 158
31 148
44 152
16 130
51 184
79 175
146 166
36 161
20 59
106 145
54 113
82 168
126 161
147 174
130 168
105 194
39 95
8 144
18 137
17 37
125 176
23 93
100 183
24 136
49 184
23 96
44 170
61 195
33 121
94 114
108 136
81 120
98 169
44 51
121 134
83 166
109 148
68 84
114 189
41 66
53 68
27 34
62 141
47 92
8 184
123 157
7 139
127 196
33 140
170 191
94 164
180 196
144 156
22 137
30 37
10 141
31 106
72 104
18 138
44 183
106 146
11 19
3 79
14 159
120 144
75 125
43 174
39 63
79 108
40 76
50 104
118 161
110 111
107 156
85 107
63 158
34 169
133 136
72 90
87 106
80 156
32 116
22 166
59 84
50 147
99 169
148 193
14 21
13 143
92 176
93 183
88 91
54 115
64 92
12 99
9 123
96 194
86 158
96 138
115 122
73 126
118 195
115 144
112 114
183 193
46 142
83 110
126 141
18 73
59 161
9 191
11 159
155 169
72 139
5 150
157 169
49 126
8 17
124 195
3 137
4 47
23 52
110 138
5 65
9 126
48 111
106 126
43 63
38 185
66 84
160 162
18 111
75 78
102 129
82 94
4 24
126 193
54 198
144 162
72 199
140 141
160 163
13 34
142 183
13 177
72 175
132 163
79 199
137 177
68 147
7 46
83 195
34 157
36 104
22 154
9 17
86 155
13 186
136 168
99 153
113 139
101 109
57 195
44 192
5 70
19 197
29 117
104 151
7 14
24 163
69 88
23 182
92 148
26 61
9 25
6 59
1 132
136 138
76 103
22 67
6 176
106 137
86 99
168 178
113 118
72 135
19 178
166 186
3 65
80 168
5 187
146 192
42 187
102 171
33 154
106 157
185 191
47 173
29 66
111 133
123 196
98 193
107 188
98 139
153 165
38 197
102 105
1 59
22 34
66 95
7 17
75 82
0 121
79 135
62 75
54 195
112 184
0 7
47 161
41 149
27 104
36 116
129 152
55 151
30 164
10 151
22 45
47 58
47 61
13 141
73 171
89 99
130 139
47 84
49 198
127 164
68 117
163 174
109 172
38 99
80 154
121 191
13 114
109 124
84 175
38 165
88 171
15 73
5 126
82 144
17 144
10 106
95 168
131 167
10 127
28 138
12 82
48 101
72 105
79 154
128 189
101 189
101 176
24 142
196 199
60 153
124 182
20 132
6 127
147 179
38 141
91 140
46 88
75 181
49 59
149 188
27 170
9 57
103 194
11 151
27 159
79 169
96 173
40 85
12 78
49 152
127 168
22 111
98 189
66 188
151 184
14 127
67 143
93 133
113 116
46 62
75 160
109 195
103 159
46 69
33 184
11 29
59 73
67 168
30 126
74 172
92 154
13 149
51 174
65 155
45 162
141 177
61 162
55 152
3 82
15 182
15 187
36 50
70 149
45 109
42 109
46 174
153 179
7 20
47 103
47 118
12 91
5 52
82 109
115 134
26 70
12 76
23 165
83 173
47 49
13 134
29 111
44 62
60 135
86 125
174 188
47 174
48 97
180 195
56 60
25 28
27 78
109 180
135 185
138 193
66 121
73 150
4 64
121 141
36 59
99 100
21 73
15 128
87 163
171 187
59 81
143 175
61 194
139 198
124 197
71 179
0 106
117 171
46 66
161 171
2 91
91 158
50 62
94 134
22 124
43 46
7 140
41 177
137 162
50 120
9 48
25 36
42 86
34 191
107 135
145 162
0 156
12 88
5 29
100 133
23 119
101 111
26 77
98 130
17 82
113 170
38 176
25 189
104 186
6 190
96 122
37 91
6 110
35 121
57 110
101 182
13 77
44 54
29 158
12 103
35 48
31 103
111 131
57 68
5 163
88 177
58 109
65 82
29 123
8 131
12 125
53 80
45 71
29 119
74 135
28 35
74 130
19 47
75 199
22 107
77 135
36 80
48 69
148 161
51 136
21 99
108 157
120 125
1 152
0 99
95 188
40 136
172 177
19 70
146 156
80 183
103 189
71 170
91 161
69 156
45 142
97 169
8 35
24 146
38 124
6 186
118 151
55 193
91 168
24 75
56 169
74 153
110 153
59 134
160 185
31 32
11 165
60 137
100 128
113 122
188 198
130 197
115 162
153 197
19 37
49 54
91 189
82 153
51 189
43 195
102 139
115 192
137 170
13 20
12 72
9 183
128 141
43 105
88 189
6 87
29 184
86 181
36 70
12 32
6 85
55 171
80 132
48 78
7 22
109 127
27 98
106 199
129 159
7 12
61 130
62 164
23 49
116 190
118 156
56 115
125 142
5 56
141 199
32 93
13 195
68 106
6 84
16 196
1 102
67 113
76 157
47 149
33 50
33 71
33 135
34 190
31 109
88 108
29 76
64 149
10 112
18 54
30 175
11 95
138 164
19 20
64 171
72 80
0 159
95 124
7 40
85 184
64 170
75 158
59 60
38 63
38 136
57 103
147 190
168 195
11 70
4 85
12 29
51 171
109 125
53 176
69 164
52 122
162 196
0 85
142 153
40 126
22 71
12 190
57 192
136 163
96 115
23 130
85 147
152 174
104 142
110 164
44 86
21 39
5 197
7 72
73 158
32 137
91 126
76 120
18 136
95 113
84 141
111 143
96 144
66 137
57 129
134 176
52 193
15 97
104 128
6 137
53 136
142 169
23 84
61 97
35 134
71 99
0 77
81 192
104 139
59 101
20 151
43 136
67 158
95 197
1 118
50 197
175 199
89 90
15 196
16 62
89 104
14 43
140 159
40 164
84 169
115 121
12 147
118 127
27 174
148 149
118 165
92 184
23 86
7 38
120 147
82 90
20 58
89 128
113 159
79 148
58 95
72 178
87 147
14 180
28 29
56 193
73 132
52 176
78 88
114 149
92 174
6 46
25 120
122 157
133 194
123 192
80 143
148 194
45 175
31 199
56 122
25 128
79 129
68 167
48 194
15 83
71 114
7 188
86 90
14 93
15 98
106 164
82 126
103 167
88 100
69 139
36 65
27 166
129 140
38 143
168 183
123 176
43 103
158 166
37 47
121 195
85 125
52 155
1 95
23 67
74 88
77 154
77 144
26 177
84 126
102 128
37 82
116 134
20 66
102 115
92 99
19 105
20 68
60 191
35 86
114 126
113 179
7 155
106 128
7 100
42 71
28 147
157 170
47 176
29 83
33 83
124 134
141 172
67 193
75 171
60 127
5 148
73 172
25 51
51 182
22 42
68 173
73 161
170 174
64 192
122 135
57 95
38 137
106 140
19 74
140 180
32 142
16 123
55 104
43 83
70 155
78 173
85 86
17 182
21 143
92 199
100 155
92 143
153 190
40 198
9 80
92 180
21 49
24 145
85 151
84 158
41 63
43 148
18 149
59 77
165 175
88 96
32 163
74 134
26 104
58 114
86 192
163 187
42 103
22 118
98 179
101 162
23 94
126 177
31 165
100 127
12 22
4 125
63 69
41 111
104 154
15 64
27 91
35 56
95 134
48 118
14 132
62 132
119 132
30 108
84 103
91 181
1 198
45 123
78 90
60 122
55 109
56 129
56 80
37 177
19 61
96 181
185 187
70 131
83 100
24 190
30 143
4 186
94 111
76 86
64 107
24 36
11 156
36 196
87 128
165 192
34 159
154 197
44 150
104 146
194 197
128 153
9 155
34 60
8 139
124 160
21 107
116 193
154 184
9 20
45 56
69 72
18 56
57 123
14 111
76 94
19 42
17 38
30 152
157 199
54 126
160 176
188 199
34 62
42 140
2 140
147 199
65 143
195 199
55 174
11 69
69 193
9 96
14 139
70 143
16 179
53 198
96 192
19 68
71 173
3 22
47 115
6 82
5 118
145 171
76 140
13 53
3 101
91 92
62 163
27 161
82 141
76 85
2 63
153 189
140 177
5 92
80 182
31 192
108 184
7 88
49 62
5 195
24 197
62 133
105 128
74 158
194 196
0 55
5 53
80 189
18 21
67 75
189 197
69 181
60 166
35 124
61 172
73 190
115 177
71 111
31 198
107 173
5 57
43 88
47 153
110 127
44 71
93 130
21 148
92 111
142 162
61 169
41 70
66 140
154 162
42 100
4 178
17 102
37 115
103 148
58 108
62 123
146 187
70 132
38 116
83 199
71 89
66 141
34 126
82 125
61 80
44 127
9 189
51 90
94 170
17 105
76 162
10 191
140 167
54 171
21 28
55 196
71 104
106 133
4 44
41 119
98 149
52 167
10 134
84 165
74 159
25 144
9 187
111 119
93 155
5 59
37 147
30 169
81 121
21 93
44 166
77 121
151 160
105 199
54 175
72 91
91 141
102 107
36 86
116 124
191 195
120 146
117 179
2 196
50 119
26 80
25 48
85 90
116 176
47 165
5 42
6 8
171 197
24 131
161 175
147 159
12 144
80 109
145 183
105 121
45 88
45 50
32 192
25 42
51 86
31 161
16 89
3 133
12 15
15 59
60 97
0 175
20 149
123 159
62 70
69 127
67 125
181 190
16 104
27 46
39 96
64 90
106 149
12 53
86 160
34 146
69 182
25 197
50 144
141 171
84 135
39 119
77 139
49 121
22 152
94 182
33 78
70 117
65 142
42 191
13 173
186 194
11 138
74 163
82 84
25 146
43 74
66 123
119 130
90 155
38 101
122 180
15 173
28 65
135 151
2 107
60 161
78 171
4 184
53 179
26 174
136 175
55 164
154 180
67 127
88 167
8 74
23 92
66 71
119 157
57 198
21 117
55 146
90 99
32 90
132 161
45 86
97 174
81 138
168 170
20 180
56 61
3 45
43 170
66 135
27 59
66 136
62 65
3 90
27 57
147 169
135 166
7 193
11 16
105 157
8 26
77 89
26 73
45 72
81 182
131 196
118 123
126 189
42 145
56 101
56 121
45 105
7 160
3 46
75 180
63 71
35 144
165 171
79 111
177 189
116 137
134 146
27 74
64 198
126 143
165 188
164 174
137 188
9 118
21 37
147 171
91 149
143 156
22 99
105 111
48 133
87 174
28 62
21 144
75 92
117 150
84 89
127 151
83 84
52 125
25 132
50 99
4 160
18 157
51 118
57 152
23 58
96 140
0 87
175 187
147 161
43 164
106 165
14 94
23 135
66 74
156 171
76 128
53 189
59 70
37 78
85 98
71 88
28 128
13 79
31 34
102 109
73 112
32 185
119 168
64 129
13 54
16 167
92 173
97 185
52 92
40 75
73 127
40 169
134 163
124 142
2 146
78 127
68 172
55 117
3 25
18 189
6 19
127 135
87 144
39 180
39 111
106 169
5 34
14 60
24 156
54 132
28 63
93 137
110 198
160 165
150 156
23 179
62 152
44 98
33 55
119 126
97 124
98 165
67 99
6 75
181 184
94 159
42 73
109 184
49 156
63 93
1 134
120 164
91 198
27 97
163 186
126 164
105 131
24 140
35 145
99 151
38 94
8 20
17 188
12 135
95 143
185 199
45 47
112 125
144 194
33 155
46 194
69 82
31 65
67 116
39 145
5 12
48 92
17 165
52 124
11 155
38 127
145 167
117 189
22 167
72 98
122 188
40 175
76 125
71 149
155 193
12 177
44 155
73 199
88 172
26 41
52 131
77 136
5 185
4 138
90 175
122 177
36 127
17 39
46 141
68 152
18 165
106 132
181 186
42 85
10 91
110 166
2 93
138 174
33 151
88 94
45 98
91 114
31 114
115 160
2 177
6 126
73 90
110 119
57 187
40 77
63 194
63 181
45 161
17 76
77 162
7 45
98 183
61 150
74 84
133 156
21 128
115 174
71 86
35 167
17 18
73 105
77 193
37 95
63 91
9 177
66 157
139 152
47 70
74 141
136 150
111 126
68 118
44 158
128 169
65 110
64 138
129 180
121 142
52 147
88 127
167 195
39 181
127 142
51 126
14 81
86 190
126 163
120 158
64 182
31 122
13 39
120 135
25 34
33 179
20 156
77 170
129 163
6 54
71 106
34 44
82 97
52 144
83 162
66 190
58 158
5 156
23 188
17 187
94 138
59 112
40 58
61 149
44 124
38 117
32 68
2 190
46 168
2 137
16 159
112 180
130 164
46 100
86 129
0 184
104 169
144 145
155 187
36 95
27 183
73 188
61 165
28 57
75 99
26 125
1 82
1 143
107 169
181 198
88 139
145 166
15 93
29 84
163 184
48 99
116 164
53 129
0 126
85 139
13 190
166 195
43 156
14 49
25 135
18 144
96 153
63 95
11 80
35 115
99 120
111 188
9 171
161 197
145 192
185 195
59 126
64 70
48 155
45 165
7 114
21 46
9 166
48 173
62 169
14 70
14 119
24 89
15 177
78 105
37 150
57 157
84 140
3 194
50 79
1 49
34 82
37 99
89 147
33 187
4 106
175 189
10 72
168 199
163 194
121 197
30 86
68 177
162 189
83 104
50 105
97 195
154 179
87 181
165 180
119 139
46 187
37 137
40 91
59 69
119 154
113 156
11 149
45 160
6 90
38 178
34 81
108 124
92 147
120 155
151 170
73 163
62 148
90 137
29 35
72 177
101 112
110 126
14 61
60 154
43 182
163 175
33 38
16 149
0 45
11 126
102 155
31 101
34 119
139 154
34 91
160 177
94 112
139 199
153 161
126 154
145 187
96 151
86 136
39 155
50 148
5 129
8 109
101 177
64 117
6 37
123 184
29 49
16 132
85 109
45 143
50 67
21 70
8 28
21 137
70 154
116 119
17 61
4 40
62 157
46 172
93 135
73 87
12 140
114 141
92 96
34 93
72 94
81 100
96 197
40 177
68 140
105 198
115 172
38 186
151 155
62 173
38 147
147 155
146 188
55 88
55 67
14 124
37 83
44 125
108 149
151 196
29 85
45 67
165 173
3 136
187 189
80 82
93 164
50 192
147 188
124 196
81 97
4 118
134 185
2 182
81 187
58 156
7 59
52 84
60 172
76 105
4 92
24 152
23 40
52 110
36 148
52 69
111 114
69 123
57 119
68 189
161 184
36 78
182 194
50 155
31 146
75 172
61 168
115 148
52 66
41 140
45 104
14 136
15 132
67 166
32 195
113 188
10 29
73 130
138 141
136 157
57 92
7 28
18 69
65 148
30 58
28 182
46 193
73 178
98 131
86 88
36 87
118 124
110 154
67 184
106 138
87 173
59 114
138 178
38 56
164 176
146 158
14 87
11 176
128 136
5 157
52 152
15 151
87 114
29 40
16 173
83 186
128 182
9 172
79 120
24 114
22 40
66 148
76 142
37 154
25 64
111 176
104 162
32 71
2 185
115 159
33 89
89 118
0 83
17 32
23 55
27 55
69 115
139 170
25 49
4 103
27 77
33 57
162 178
70 78
11 146
27 51
25 116
8 199
79 121
135 157
15 25
7 181
94 125
4 42
59 171
92 122
85 174
157 180
126 149
27 191
112 194
34 80
62 118
49 193
25 74
84 193
17 135
27 31
72 86
50 149
23 198
19 97
16 114
176 195
90 100
59 182
7 26
42 102
0 173
92 97
97 155
130 167
23 101
77 199
48 52
44 64
99 119
25 105
128 191
55 161
20 179
47 114
13 106
55 159
64 159
19 111
20 152
80 81
3 27
134 156
0 14
40 82
140 148
112 179
41 194
169 195
99 116
189 192
96 127
107 124
32 95
31 88
61 188
9 81
181 196
86 107
53 166
117 122
32 172
7 110
59 143
112 168
35 111
29 70
64 121
144 150
26 176
4 72
33 165
106 154
31 58
95 190
164 180
102 127
51 188
52 113
134 151
76 107
56 81
49 169
92 159
20 25
82 140
161 187
17 29
106 131
26 42
21 51
143 144
76 182
49 109
93 134
5 114
190 196
77 80
101 127
45 197
98 104
156 165
16 166
18 68
69 191
48 181
88 156
28 105
81 137
196 198
60 129
102 184
98 126
117 184
94 154
88 175
3 71
64 108
17 150
66 126
14 97
97 166
83 165
33 43
20 136
138 184
35 38
32 103
134 188
55 107
52 96
71 174
77 115
88 188
45 158
8 85
33 58
111 140
7 66
107 144
42 83
34 98
33 39
30 36
105 163
56 58
31 130
8 132
46 138
104 145
140 196
109 169
24 177
82 107
107 114
117 155
92 195
125 151
25 109
12 193
130 148
12 159
3 184
152 193
65 93
5 86
63 160
23 44
131 171
113 153
28 103
97 100
51 115
160 191
71 159
21 24
33 162
71 101
151 197
41 64
99 106
18 49
69 97
22 195
138 183
77 158
92 124
114 191
85 156
100 116
93 112
59 121
42 182
53 104
46 49
130 132
15 95
83 97
8 143
74 190
25 89
6 115
138 150
105 170
46 86
63 179
31 63
20 164
56 90
109 192
8 155
15 117
84 149
102 137
163 196
43 140
142 199
44 185
51 169
16 105
39 159
13 194
18 29
18 155
93 111
26 186
20 61
98 106
61 70
65 74
25 70
11 195
93 126
3 98
36 43
0 102
70 113
153 182
166 179
57 61
166 193
66 167
122 173
50 85
0 84
19 127
18 123
53 71
22 129
157 171
70 151
97 184
33 182
15 199
30 128
175 181
5 8
8 69
105 167
21 67
30 81
5 39
48 161
57 88
34 105
95 159
38 163
57 174
153 198
41 185
63 198
2 170
45 184
43 44
50 88
29 98
3 139
104 108
130 147
77 180
166 167
149 171
24 117
77 166
29 178
65 137
97 190
18 63
15 169
9 49
120 160
18 60
7 197
139 196
98 108
69 71
52 192
52 129
42 152
143 185
46 192
40 190
41 58
28 54
122 151
42 150
3 47
36 81
61 198
20 166
17 96
8 24
92 131
62 190
4 164
66 199
31 153
177 183
76 153
63 76
100 149
63 197
66 127
78 129
2 77
37 106
31 54
9 104
19 95
64 111
87 160
14 156
109 189
103 130
73 88
157 182
150 183
59 95
66 147
34 182
32 190
55 87
52 184
34 147
110 190
42 113
146 169
88 195
26 169
22 144
51 141
1 55
82 157
64 122
6 123
16 165
63 176
89 123
154 187
126 147
148 165
131 139
47 162
59 86
76 148
45 63
98 124
33 143
135 171
13 127
20 130
89 127
130 175
145 188
18 89
0 161
56 147
48 88
98 178
150 192
79 198
37 69
12 122
57 185
148 187
51 145
178 182
44 184
19 104
41 192
4 28
113 174
133 160
87 189
7 148
3 166
31 79
27 169
160 183
85 141
0 35
40 87
36 137
39 193
36 64
32 133
44 110
33 176
161 186
39 152
74 80
191 198
117 159
86 102
7 142
184 192
53 57
37 107
105 182
2 187
113 151
98 175
148 190
153 194
157 179
30 88
9 64
133 179
138 186
26 114
61 82
48 192
47 63
64 141
13 99
150 169
102 158
153 185
40 108
105 156
110 173
83 137
130 133
55 78
40 78
32 65
68 154
40 188
71 195
16 26
96 171
108 174
83 109
5 151
34 140
117 120
5 22
142 195
80 150
78 85
12 39
73 198
68 86
34 178
50 108
125 166
12 73
8 9
26 189
111 132
14 100
4 66
158 161
30 194
4 33
76 135
131 146
52 158
127 132
14 105
3 135
11 99
100 146
123 142
32 196
21 50
28 84
84 181
6 60
102 142
55 125
148 160
97 172
71 194
167 181
83 171
20 161
7 141
167 179
3 83
86 149
119 122
165 185
19 154
59 63
74 151
64 109
5 32
28 115
33 119
122 130
7 70
119 152
68 77
38 96
38 53
193 196
6 74
32 75
163 170
62 97
64 154
86 153
154 170
85 115
10 60
90 147
25 35
37 158
108 123
13 170
53 93
147 168
134 172
46 155
24 34
33 68
118 192
18 42
20 44
4 10
12 25
37 126
2 191
58 191
30 195
51 157
45 180
15 52
35 118
3 148
26 113
81 178
62 161
81 190
11 44
96 102
6 179
15 157
107 197
58 130
144 172
147 191
33 102
19 85
70 144
60 197
9 44
42 118
127 148
158 163
21 100
118 135
141 148
80 86
62 168
166 198
23 36
70 74
1 170
48 190
18 52
27 188
13 51
9 28
56 152
74 107
83 164
85 131
188 191
61 186
104 114
194 199
3 40
26 124
13 75
121 147
155 194
60 148
30 145
48 154
124 178
8 96
37 49
12 75
108 154
63 64
148 164
23 192
2 121
113 194
33 145
47 62
131 133
78 144
40 84
2 83
29 90
184 196
22 174
38 100
121 128
132 151
8 187
48 130
65 98
32 121
83 189
120 130
19 101
15 141
6 67
68 122
56 135
8 128
83 88
132 187
130 166
21 86
120 197
105 113
27 76
45 113
16 154
12 83
31 36
9 24
113 145
20 157
76 161
125 146
111 198
91 103
95 157
22 65
124 183
48 138
63 127
35 139
151 195
66 169
94 119
82 158
80 192
55 163
50 69
88 182
51 71
4 86
13 73
164 185
52 173
46 111
181 192
90 119
20 63
167 194
99 104
7 162
74 197
62 71
79 133
39 118
13 154
26 122
78 128
123 189
48 168
127 178
109 114
15 116
17 98
92 175
112 169
61 122
47 120
70 166
1 110
11 130
90 141
39 139
51 144
56 174
5 77
14 34
100 169
104 149
71 193
6 58
117 198
2 50
85 195
46 125
29 31
142 181
83 181
26 53
10 153
95 185
32 63
177 199
66 179
105 154
5 101
96 116
84 179
67 104
16 118
51 155
56 146
39 83
54 67
65 124
87 149
139 142
2 89
40 142
163 192
135 188
13 76
92 163
89 151
69 87
35 109
35 182
143 152
47 101
15 68
88 169
83 180
53 169
82 169
141 170
41 74
76 80
114 120
39 190
27 148
115 166
11 117
84 172
97 138
13 91
31 91
71 172
28 96
95 169
49 165
15 135
59 173
115 136
64 143
47 69
68 180
46 169
64 161
37 55
88 113
105 112
47 157
40 42
107 139
175 186
102 189
0 79
32 139
3 190
18 170
37 110
23 185
99 177
46 114
97 173
4 89
66 103
133 142
131 152
15 80
53 128
1 154
35 116
33 131
43 84
45 70
42 139
95 151
82 178
12 46
5 17
66 98
100 153
6 125
17 67
161 162
67 89
142 159
24 45
7 81
67 111
106 178
10 100
76 132
30 80
98 176
129 164
147 185
82 167
165 167
182 195
167 175
57 165
3 84
100 171
22 127
32 45
129 146
24 67
39 68
3 131
23 157
110 122
54 151
116 172
4 68
13 40
179 181
39 144
83 112
16 147
138 161
48 144
12 160
153 174
88 144
153 176
28 43
106 172
109 110
80 172
43 98
4 45
10 27
35 157
55 96
101 158
101 119
11 139
98 195
140 146
75 176
8 16
24 174
97 132
87 97
18 93
122 181
19 135
57 145
83 153
6 28
8 147
89 177
99 174
14 197
10 167
113 125
31 133
65 105
4 5
106 163
42 89
126 184
6 72
116 147
9 195
18 36
82 170
117 174
12 43
103 195
56 126
33 146
135 168
103 151
30 71
12 17
33 62
67 169
57 97
141 159
55 89
16 90
49 134
108 178
61 72
147 156
60 119
114 133
127 138
45 117
39 198
57 132
33 118
8 65
45 59
66 75
40 100
57 189
45 179
99 198
105 118
44 134
55 57
173 197
17 193
84 145
109 150
89 192
48 142
81 184
108 187
55 189
18 129
170 185
34 116
72 136
36 164
88 160
121 149
38 111
4 16
3 28
58 107
3 73
36 106
19 189
62 150
10 65
10 99
143 187
75 142
97 131
6 140
68 163
97 105
24 38
81 96
22 113
1 79
6 120
164 183
105 122
9 181
132 134
103 179
20 21
94 128
105 193
10 50
47 67
35 112
23 103
18 96
79 196
87 191
13 179
71 133
5 104
32 199
12 59
190 191
54 154
121 168
30 116
28 113
104 152
55 160
146 171
60 103
34 130
143 194
116 162
60 90
47 83
4 134
63 83
1 199
181 182
51 116
46 98
28 117
137 168
1 84
8 151
128 146
75 192
87 132
65 192
20 65
165 179
14 59
158 176
135 181
95 198
27 152
15 156
6 86
9 85
10 35
168 193
9 74
133 188
83 146
17 173
123 190
35 154
84 96
121 192
51 76
128 163
19 134
42 74
143 192
115 189
69 187
45 107
2 70
7 154
45 159
68 158
71 107
33 181
29 77
78 153
91 132
90 173
56 161
49 78
132 182
87 154
73 85
94 151
56 69
49 166
41 121
102 147
30 100
36 167
61 67
58 78
185 186
16 142
152 154
106 160
29 58
111 137
184 186
136 166
0 127
69 136
128 180
29 152
41 157
67 88
49 105
47 189
96 193
110 189
36 145
30 156
11 128
72 195
61 138
0 67
60 192
45 100
160 167
4 107
145 163
48 49
52 67
135 140
50 96
89 197
72 191
26 67
43 189
102 106
21 45
16 146
57 194
40 66
73 111
12 106
34 139
52 60
50 107
18 151
3 111
143 186
23 47
40 106
121 148
1 169
132 193
9 34
100 152
70 194
112 171
1 176
76 99
60 108
83 167
50 181
36 156
80 108
44 58
167 177
83 196
71 119
107 165
42 107
131 156
18 70
2 109
16 148
48 94
17 153
29 186
20 137
90 116
29 56
165 189
152 153
67 188
54 183
99 159
126 174
98 146
71 177
58 82
175 194
6 191
80 125
159 164
157 183
142 171
83 123
68 187
19 141
171 177
98 157
15 152
6 48
81 142
65 198
34 35
141 183
75 182
122 193
100 158
15 192
48 65
51 124
109 132
54 109
109 160
32 120
112 139
160 175
57 193
98 110
56 97
20 80
155 184
8 100
108 111
154 160
115 165
74 96
16 113
66 144
80 145
4 43
1 115
108 118
8 125
27 53
10 86
164 166
39 136
3 64
58 67
55 97
65 150
44 94
5 79
93 181
66 196
185 194
40 59
78 180
62 90
8 34
20 194
5 188
38 39
93 110
105 191
133 138
25 172
21 162
45 172
60 114
40 102
39 117
85 191
14 69
19 191
73 177
63 66
9 15
122 171
88 191
10 57
38 82
63 144
32 153
110 114
12 77
114 165
38 70
157 158
14 23
7 71
38 135
88 168
93 117
66 115
20 159
33 48
26 107
6 55
20 72
31 37
91 154
62 160
34 161
165 176
78 194
75 122
73 100
29 142
89 132
11 171
25 181
79 127
59 61
79 137
32 156
108 115
32 179
1 100
1 67
13 148
46 104
134 142
29 139
4 77
126 138
27 164
45 110
98 181
15 198
124 168
4 192
11 62
114 125
163 171
36 117
57 186
13 183
73 118
0 58
92 156
188 190
34 173
30 51
43 100
142 190
91 156
64 73
17 176
3 179
137 155
89 116
132 133
47 177
49 101
33 168
43 115
20 34
33 81
29 88
80 110
82 171
55 82
59 170
22 100
70 196
21 138
53 76
28 189
48 87
90 181
127 144
120 185
19 199
156 193
95 173
111 180
15 44
43 158
28 193
26 138
39 79
82 179
6 171
136 161
83 193
31 177
73 110
29 136
58 177
71 181
140 165
30 127
8 72
15 76
107 126
51 198
84 99
8 104
53 135
61 147
67 136
108 126
47 156
45 85
108 110
131 182
40 79
97 159
71 139
100 112
10 155
173 180
5 160
39 175
137 140
21 111
8 188
56 187
123 150
29 96
37 164
121 193
142 184
44 191
114 136
59 166
83 108
46 64
52 162
49 143
6 194
152 169
129 199
167 182
70 160
48 188
112 131
97 194
116 199
51 177
15 28
99 150
53 149
53 88
101 152
137 189
55 197
78 164
100 103
61 87
66 172
38 40
48 195
0 142
8 102
108 172
170 188
10 67
18 104
24 57
144 182
106 134
57 126
17 157
2 147
21 103
77 85
57 80
141 193
7 23
75 161
18 180
35 54
90 93
148 157
101 149
58 193
51 175
7 57
83 119
32 47
71 112
45 173
125 129
93 144
191 193
99 143
161 196
83 142
78 168
64 193
35 172
40 45
114 192
102 192
4 111
1 153
63 88
53 101
197 198
11 88
179 193
5 41
138 153
97 130
69 98
60 67
90 161
168 188
8 67
2 99
105 153
53 178
124 132
107 167
76 180
103 170
81 195
100 121
33 85
160 196
36 175
10 122
136 146
98 134
44 156
7 77
92 126
165 168
110 158
128 176
115 142
179 199
42 171
120 136
11 134
33 190
24 58
78 142
189 199
58 113
11 26
17 159
152 195
166 185
129 174
100 137
116 122
5 130
48 67
12 155
89 186
80 98
59 180
21 56
19 96
91 190
44 76
39 73
41 89
189 194
115 182
48 176
79 145
88 135
79 104
39 135
130 192
79 115
102 182
29 137
98 103
130 189
47 194
93 197
156 185
77 147
68 121
121 173
37 165
99 161
23 83
106 121
33 195
70 164
51 192
75 95
77 183
96 156
162 197
30 165
153 180
14 185
9 67
1 166
110 144
78 141
119 134
4 156
56 119
4 196
16 93
138 168
28 36
97 102
0 52
11 42
27 150
165 194
96 119
19 119
1 25
76 190
91 184
80 164
84 176
104 121
43 62
33 127
13 23
34 106
164 182
68 95
109 155
138 199
54 108
16 32
132 185
102 156
174 198
43 108
41 163
57 69
22 47
85 171
53 151
8 193
31 52
38 174
74 106
1 27
64 151
56 89
65 125
77 195
4 88
40 157
132 143
130 169
150 157
164 172
21 94
6 118
28 40
174 193
30 193
123 129
3 115
5 48
143 148
139 151
71 147
114 152
161 199
99 127
2 166
1 174
22 131
66 72
46 72
2 95
61 199
10 188
71 74
134 149
32 87
36 185
1 147
100 194
9 136
125 188
94 180
28 42
46 89
14 138
118 196
134 196
37 195
32 73
10 165
119 121
22 114
152 156
102 117
23 69
2 38
100 199
11 81
69 145
122 145
143 169
31 141
95 192
28 110
18 92
38 71
125 172
50 128
45 49
145 191
65 193
101 173
17 121
28 165
5 19
19 148
105 190
187 192
56 180
41 190
41 182
6 35
61 197
78 159
36 111
84 102
145 169
103 152
17 112
45 152
57 121
174 196
68 135
68 195
49 84
77 150
156 186
12 100
112 147
25 133
119 166
122 194
146 195
95 103
39 161
95 142
181 189
69 167
75 101
108 196
70 71
164 192
75 183
16 157
118 179
66 78
2 56
86 157
22 60
13 135
105 138
43 161
112 166
155 166
1 45
9 58
30 136
179 186
15 75
38 91
95 147
41 191
188 197
64 127
88 121
51 130
151 154
9 84
30 103
108 169
48 131
128 195
95 153
48 148
15 60
138 181
34 76
96 166
98 197
9 116
39 99
53 157
62 72
163 198
16 31
31 64
12 150
30 41
125 135
126 133
79 117
57 184
67 195
20 71
153 177
25 47
53 63
34 151
75 106
62 83
59 167
23 193
81 92
122 123
152 187
126 162
39 91
41 137
141 182
19 87
35 93
60 101
2 44
16 187
74 112
12 178
54 176
1 117
71 87
106 188
2 17
44 194
28 68
11 133
19 155
175 192
30 111
51 111
30 160
79 180
17 21
83 111
27 134
87 172
32 178
35 126
37 108
49 63
31 46
78 157
33 133
135 152
6 174
162 198
2 26
137 172
122 187
86 151
21 129
44 135
103 104
60 195
32 127
74 116
154 166
50 65
70 187
80 191
51 80
31 144
27 41
117 169
57 127
121 170
147 150
117 144
81 175
114 134
31 157
59 164
78 160
111 152
41 42
108 153
84 132
19 175
45 166
62 116
16 144
26 199
28 146
22 153
85 87
118 168
42 67
0 171
8 14
86 193
9 170
0 152
19 91
110 115
17 95
79 174
18 125
55 199
88 163
111 158
89 167
118 122
78 191
102 152
42 161
45 167
41 109
30 47
84 98
52 137
8 45
114 198
72 131
39 176
7 196
127 149
27 37
71 199
165 166
189 196
19 72
36 94
120 159
6 13
132 160
54 104
62 180
151 194
123 128
6 163
100 163
15 185
8 41
98 121
53 127
42 114
49 160
127 188
78 124
101 195
6 40
10 64
78 148
57 148
15 74
30 178
9 87
63 140
8 118
54 66
77 118
6 47
56 138
83 198
2 174
63 114
18 119
87 95
190 199
9 138
64 86
79 144
66 133
63 192
5 78
175 191
46 48
162 173
99 129
17 190
58 189
24 72
14 131
123 132
144 197
32 41
152 172
13 109
86 167
20 158
37 157
52 135
72 87
0 50
17 160
14 24
35 146
11 49
110 160
58 174
22 186
166 170
173 181
0 93
166 191
146 154
10 37
27 144
96 109
29 36
69 91
70 73
67 157
84 144
119 140
10 68
186 191
52 159
149 192
9 197
94 181
13 138
98 143
35 140
55 113
26 168
121 171
83 134
45 137
67 175
148 186
23 61
147 184
22 46
128 187
132 174
132 173
64 99
92 116
61 117
29 177
36 191
69 172
3 140
47 128
63 141
15 16
25 29
110 197
83 174
43 187
126 152
39 54
168 171
165 195
16 97
108 140
100 195
62 139
51 120
81 173
88 146
41 115
37 178
33 174
66 108
46 151
135 161
1 12
18 134
141 143
4 94
8 168
139 195
32 81
13 187
60 109
152 158
31 197
8 170
18 199
121 166
93 101
54 122
58 96
103 119
11 20
41 128
110 192
29 161
37 96
37 66
15 125
27 110
17 74
83 152
82 116
44 137
7 35
51 92
113 176
62 122
35 151
60 69
56 143
19 117
16 116
164 193
5 193
11 74
49 104
17 195
104 127
128 179
12 192
49 178
28 150
2 117
62 128
96 124
110 169
9 27
13 153
2 142
34 194
30 101
91 157
6 53
137 196
1 155
12 14
103 190
31 80
0 137
133 191
19 93
30 115
38 67
60 179
71 143
151 198
112 190
67 156
72 112
80 159
60 198
7 67
146 155
0 133
44 79
41 88
172 188
91 145
41 188
25 145
102 103
65 91
9 22
117 123
162 193
37 162
182 189
140 176
27 82
14 88
92 198
30 123
36 115
73 103
1 182
72 151
33 152
130 187
24 126
46 75
22 31
78 97
133 199
5 183
1 149
105 114
2 160
73 104
18 66
129 168
76 183
107 130
32 42
85 110
75 113
110 148
127 130
142 147
137 173
14 157
115 186
64 66
55 85
45 154
42 91
99 147
18 195
19 158
89 161
127 134
40 144
117 140
19 45
117 194
125 161
55 170
86 187
49 174
131 181
97 167
16 70
25 170
131 138
29 190
65 158
105 155
38 129
108 177
99 146
121 124
24 62
45 194
131 191
38 52
10 20
4 185
74 185
40 83
66 153
29 57
97 165
84 167
146 182
13 198
56 74
58 69
63 162
95 179
44 172
11 172
49 150
53 173
112 132
19 77
111 185
0 97
0 193
29 34
14 141
123 175
188 192
42 151
161 193
92 108
51 180
18 128
3 150
113 119
98 190
27 171
54 60
31 127
31 172
93 178
161 179
6 119
77 164
59 178
141 197
35 43
32 38
73 97
57 107
70 141
48 182
105 146
76 164
19 144
30 120
8 99
186 192
116 148
4 144
138 194
24 50
152 192
115 116
1 85
91 133
35 195
79 124
9 14
69 125
159 161
83 147
121 154
26 29
38 76
7 8
28 101
141 184
44 77
37 166
110 112
64 98
106 175
123 170
146 170
21 160
90 122
29 101
97 176
54 143
16 152
94 117
75 94
81 185
13 117
30 172
137 146
109 147
24 108
1 104
107 151
98 136
10 111
79 90
33 144
49 158
47 65
72 81
16 38
59 141
108 193
160 170
36 124
127 197
132 154
35 117
32 164
174 181
5 25
26 152
82 148
17 166
74 78
32 125
73 106
128 186
16 119
86 97
9 168
59 142
56 104
82 85
110 176
34 100
85 185
29 65
142 164
52 88
86 147
37 160
68 185
39 105
138 156
44 142
64 124
60 91
22 169
44 47
47 81
78 193
0 78
100 191
90 148
23 113
117 130
60 165
171 195
86 135
40 174
80 137
85 102
172 174
2 64
29 151
56 171
58 168
143 158
16 25
111 112
10 159
107 137
120 132
173 192
53 186
96 126
6 105
14 102
89 189
97 197
38 85
53 161
75 194
122 158
102 146
136 171
85 148
48 68
14 190
10 118
110 145
19 21
9 149
26 46
138 190
19 28
126 151
25 46
84 131
77 114
95 135
120 196
47 164
72 99
27 68
125 147
126 128
1 35
51 167
52 154
78 195
1 57
13 94
43 171
19 138
66 124
31 92
131 135
119 151
20 29
10 38
17 132
12 174
68 175
108 148
96 196
42 173
79 83
25 111
66 165
15 165
38 133
68 103
13 180
28 92
0 40
73 86
24 79
93 180
98 156
15 114
40 81
110 183
27 128
42 153
54 86
63 175
93 132
30 117
127 195
29 108
77 141
9 32
20 183
45 46
44 84
151 193
9 38
65 81
60 125
96 174
111 197
55 182
19 25
44 148
67 70
36 61
100 179
18 74
20 23
27 33
116 140
157 175
45 64
81 179
30 171
108 131
65 135
26 98
56 196
113 181
140 162
73 184
56 153
96 139
108 130
114 140
102 131
19 63
150 190
85 165
90 133
13 112
69 86
25 76
73 128
57 94
33 51
103 127
117 142
1 23
33 69
6 145
107 171
75 133
20 116
6 160
174 187
37 174
106 177
8 97
76 116
38 90
43 53
43 188
15 160
130 194
23 31
40 138
51 109
41 97
90 104
115 179
87 199
16 120
75 86
10 61
128 134
132 137
76 81
79 185
96 188
22 80
90 140
52 199
58 100
94 137
75 83
38 47
80 128
5 161
64 163
3 113
39 186
12 66
48 112
66 194
13 196
65 107
143 189
32 166
190 195
5 11
42 97
51 79
77 113
22 160
64 82
12 115
21 191
118 144
72 133
127 152
55 128
40 176
56 155
76 174
50 56
124 167
79 102
62 89
68 97
59 144
5 181
109 170
15 22
5 28
26 173
54 105
10 59
121 184
107 140
137 182
91 185
14 46
93 199
79 91
7 120
106 167
80 136
98 163
14 172
89 174
52 185
76 189
82 86
51 138
143 184
118 141
83 107
162 180
124 128
117 180
49 199
70 88
130 135
144 190
118 174
9 148
107 129
8 56
11 25
134 145
16 66
41 117
14 177
28 145
54 192
5 24
131 193
84 108
37 43
19 108
84 121
168 189
33 105
3 126
73 94
118 155
59 111
32 70
31 169
90 170
138 180
104 196
26 39
83 95
45 144
27 38
13 137
159 176
145 177
20 182
52 112
44 198
145 154
40 98
73 138
80 173
32 91
59 125
93 114
170 196
118 126
3 173
118 139
9 73
126 127
140 155
35 78
7 48
3 183
53 185
7 184
66 187
71 189
173 195
60 196
44 57
148 163
58 122
75 187
166 190
87 117
87 180
62 149
31 38
5 96
32 177
9 45
89 114
91 194
31 98
33 123
52 70
28 93
74 144
46 90
110 147
134 186
71 113
57 197
109 151
40 104
82 124
12 143
99 140
44 60
44 174
47 184
31 168
77 187
113 185
107 121
23 98
167 170
107 187
46 130
73 195
56 136
37 61
14 133
124 169
30 189
67 160
19 187
43 52
147 160
25 107
105 171
90 120
43 82
62 156
94 142
78 165
100 110
177 197
92 109
94 105
6 22
111 141
61 135
73 168
100 148
22 88
72 130
154 174
123 156
44 81
63 105
65 68
110 117
103 107
132 139
134 143
108 133
16 129
92 130
117 187
41 181
4 122
38 69
41 184
54 162
29 140
82 115
26 94
152 196
48 105
90 123
13 136
52 93
103 142
187 188
115 176
34 90
99 125
104 136
20 150
28 61
167 172
79 81
134 171
127 129
65 103
83 155
84 86
182 185
33 107
8 58
99 144
161 177
1 98
27 145
121 151
110 172
4 11
119 180
19 92
123 188
41 198
41 193
118 194
42 183
88 130
85 103
71 192
20 126
25 192
129 189
77 172
44 164
67 108
111 121
8 189
57 73
50 151
99 108
49 194
81 143
54 197
66 97
46 146
132 155
48 166
79 116
133 151
108 195
8 157
21 110
37 145
62 170
49 61
60 176
77 179
33 63
3 117
54 79
121 175
63 135
85 88
12 41
38 184
156 187
53 142
114 167
24 185
45 182
14 41
15 170
46 106
72 85
17 49
108 155
32 191
47 124
122 160
70 180
57 86
145 170
33 56
25 177
163 164
17 172
148 151
4 159
53 94
51 142
16 24
12 98
35 39
19 149
41 169
120 141
61 173
39 177
130 159
98 199
19 81
56 96
48 174
106 180
56 110
58 136
132 156
82 100
26 57
84 97
147 180
8 95
9 103
24 160
55 145
44 63
101 138
103 125
129 151
5 138
94 165
28 148
12 68
17 23
23 147
78 134
160 189
104 113
169 180
77 197
98 127
4 19
36 138
25 40
18 161
106 182
75 114
134 173
100 145
13 80
55 178
136 186
156 176
98 160
3 141
6 97
23 48
0 108
68 119
72 187
24 135
40 159
66 73
10 11
23 178
119 155
2 72
127 187
34 36
81 87
28 64
23 64
111 162
34 103
17 40
54 73
52 72
39 76
32 150
50 185
33 75
155 161
3 9
96 189
54 145
137 153
109 182
0 116
17 142
87 111
3 99
98 196
158 198
33 173
77 93
68 161
169 196
48 62
128 155
41 189
103 163
83 99
73 98
22 157
84 116
64 118
58 170
87 169
12 48
49 153
129 181
107 118
163 172
14 48
116 196
53 67
63 101
28 175
46 171
7 42
5 16
65 177
84 170
28 197
97 183
28 59
26 34
1 44
40 103
71 171
110 135
125 168
3 21
164 189
84 123
26 126
132 146
6 183
4 130
28 163
50 188
56 134
20 163
12 52
16 56
21 77
103 113
54 59
91 172
137 167
16 41
194 195
28 156
20 168
131 136
44 55
2 102
4 149
98 194
155 160
71 190
35 73
73 173
85 126
75 79
13 108
97 180
156 164
85 94
5 44
25 95
128 173
55 108
85 101
44 120
23 161
112 160
89 120
89 109
17 36
120 129
74 169
9 97
81 99
4 181
62 145
74 133
67 103
79 99
136 193
56 149
53 85
46 47
0 187
29 163
50 89
90 131
15 162
62 115
47 175
73 149
67 114
29 143
32 182
59 71
102 177
94 109
93 153
54 82
49 66
4 182
3 70
140 182
137 187
10 137
87 193
84 92
37 140
68 148
133 198
53 82
173 199
111 190
88 154
48 51
24 187
95 195
2 23
55 165
67 141
8 52
52 105
64 123
107 186
11 154
161 185
153 184
70 178
100 187
1 157
147 170
158 160
62 174
22 156
92 151
61 145
101 179
170 198
24 165
144 186
95 162
34 132
57 67
45 53
3 170
88 180
152 176
108 117
150 198
9 153
32 61
97 193
10 164
32 124
39 97
132 170
61 144
98 185
162 187
165 170
125 127
117 148
88 150
48 150
72 78
47 167
36 49
48 145
2 59
39 59
114 190
102 159
17 107
51 179
55 192
30 104
67 119
105 108
166 173
127 189
138 158
46 77
112 181
49 74
37 41
82 91
35 196
21 113
16 109
54 116
55 162
132 189
18 153
133 146
11 45
89 119
13 36
92 196
20 32
9 109
141 161
3 182
60 117
43 134
42 174
11 55
39 125
65 83
50 145
43 117
43 137
20 160
90 150
119 185
44 65
46 105
80 185
137 163
79 119
32 49
19 54
34 115
112 183
14 66
96 142
33 194
47 104
6 56
2 194
41 125
46 76
4 32
73 91
21 57
89 121
26 190
100 154
0 57
123 154
30 96
89 108
66 80
62 184
34 58
67 81
9 159
22 119
66 158
16 34
78 115
175 180
8 186
72 189
4 29
87 148
65 104
77 125
124 176
128 192
34 99
94 115
45 120
174 186
147 148
3 19
173 184
48 95
74 111
18 76
91 174
115 187
28 49
77 142
119 164
87 125
192 193
58 102
91 146
66 156
13 126
165 199
127 158
119 174
64 152
14 143
94 188
99 102
76 192
37 119
116 139
154 175
19 64
20 74
36 99
133 169
115 193
48 151
36 73
107 193
72 76
124 180
158 196
171 186
43 160
59 93
32 79
8 141
32 83
14 120
32 53
178 192
61 92
112 138
72 182
123 144
105 133
118 134
6 45
34 138
9 164
41 154
112 198
5 153
112 162
54 120
195 197
106 136
8 120
1 109
156 162
129 183
130 158
118 158
2 149
31 149
65 118
127 175
137 194
35 129
11 185
58 186
5 131
190 193
77 177
158 164
8 179
93 102
23 81
0 24
94 136
47 82
51 151
162 176
18 117
37 120
67 76
20 153
111 178
23 180
98 153
14 25
59 156
52 54
131 153
85 123
87 153
6 150
68 114
86 189
29 79
45 108
30 199
95 145
3 151
89 168
21 168
16 33
5 134
101 180
101 142
3 185
105 137
49 125
65 117
70 184
20 31
9 101
12 97
160 199
38 51
24 101
85 152
10 186
44 97
6 100
162 167
41 155
138 163
131 161
31 90
17 34
39 110
51 64
77 108
72 88
0 157
134 162
29 95
118 187
40 56
64 178
1 91
11 136
169 172
101 160
90 132
43 152
132 197
45 90
57 182
97 127
98 161
45 156
17 35
102 190
135 175
75 177
28 144
55 56
131 159
1 181
18 162
48 180
18 106
7 198
186 193
49 50
57 120
138 170
90 149
94 174
42 163
11 59
155 199
52 107
146 147
24 78
145 184
65 186
100 178
45 170
37 167
16 86
4 27
8 196
115 127
186 189
67 100
115 198
161 190
86 140
5 158
23 72
0 134
83 138
77 129
22 183
8 153
44 83
15 39
45 91
10 48
42 167
139 166
35 52
19 49
39 197
29 42
41 81
59 88
0 82
101 191
46 156
31 55
11 191
108 147
84 162
102 183
65 152
141 169
2 111
72 155
95 154
63 132
29 92
10 102
73 170
38 128
18 86
75 152
101 190
47 56
171 172
70 107
81 170
64 67
55 173
132 153
163 193
14 56
139 164
24 97
41 145
99 128
35 184
80 151
21 104
133 177
68 198
81 196
14 42
2 195
125 158
74 154
7 158
25 75
56 154
122 174
70 93
30 77
126 180
79 95
100 151
171 194
10 73
30 59
19 62
97 175
101 186
63 118
68 183
87 105
165 183
75 112
46 103
176 183
43 194
66 81
37 54
54 78
35 89
6 124
106 117
77 138
0 96
1 93
88 95
23 194
101 197
51 137
5 105
4 67
18 72
21 193
84 148
172 189
32 44
23 35
12 102
90 157
4 58
84 155
96 117
77 90
106 186
45 84
90 168
80 91
32 56
72 103
2 25
63 126
24 59
37 45
14 145
40 48
65 182
22 164
41 173
17 20
69 116
73 92
45 74
53 194
41 83
46 59
55 137
16 27
0 43
117 154
56 184
51 72
29 183
10 125
155 192
88 102
65 85
66 170
69 90
37 135
11 28
115 120
116 149
5 192
65 129
76 91
25 30
86 195
18 139
40 114
31 53
2 34
46 164
35 45
148 181
36 151
37 196
16 185
115 194
35 87
93 186
94 161
105 134
122 198
43 121
97 103
191 197
118 138
96 172
3 95
0 181
34 46
35 127
26 185
14 129
85 189
122 164
39 81
71 129
98 102
42 49
17 122
83 129
55 185
178 195
108 129
83 144
79 128
136 162
8 59
17 43
16 19
13 130
47 75
97 145
83 156
14 175
26 156
16 107
75 193
109 193
66 176
2 79
26 100
63 136
59 153
93 120
24 119
32 54
31 164
35 160
34 52
35 153
50 190
142 174
18 194
129 190
159 192
41 104
67 128
8 88
3 4
140 194
102 149
100 157
0 16
55 100
90 102
3 100
12 149
44 126
108 168
46 139
118 186
159 186
6 17
110 133
107 127
44 144
125 137
73 122
108 121
26 171
75 153
101 153
46 117
54 168
12 21
46 163
50 94
10 139
8 62
26 142
109 145
25 173
36 141
5 176
42 123
117 145
171 175
60 65
99 170
3 78
102 186
25 162
2 151
101 174
6 21
20 64
18 103
145 172
4 57
73 107
70 75
173 193
21 147
99 131
26 72
8 15
141 146
12 92
58 118
130 171
52 164
89 140
158 167
93 189
122 197
12 172
83 183
34 108
178 187
40 173
11 46
94 96
65 179
31 124
10 133
35 114
0 186
107 116
75 157
40 199
88 114
35 191
70 87
125 140
128 162
33 54
144 175
37 75
56 111
64 120
38 95
74 188
80 97
56 75
132 188
124 199
61 71
166 176
50 127
33 166
98 109
60 151
125 194
40 60
46 124
72 194
119 197
107 133
87 94
17 79
4 71
35 55
8 148
73 166
68 134
81 180
56 186
25 54
18 28
84 182
96 145
26 180
134 141
57 89
47 68
162 170
144 160
73 134
110 152
51 91
97 189
97 144
47 90
76 178
16 79
132 195
24 98
78 177
100 136
102 169
154 188
4 34
131 188
18 84
82 108
88 133
12 65
80 196
66 175
15 186
62 165
79 162
136 143
84 137
15 130
67 179
19 194
21 184
25 154
81 148
78 139
68 70
47 185
8 192
145 194
32 69
155 185
113 173
27 165
138 173
47 141
1 136
71 124
73 77
25 71
97 107
88 147
0 196
108 142
135 183
56 105
107 132
104 112
19 180
42 156
64 185
62 77
39 129
114 179
122 141
48 165
47 123
57 150
112 191
118 166
20 123
128 194
116 194
59 188
21 62
14 125
3 108
89 107
2 14
19 80
83 192
12 182
59 67
64 169
62 176
99 157
91 131
175 193
1 127
108 181
167 196
159 183
102 120
60 193
97 171
11 167
57 70
74 115
33 109
87 138
42 164
88 101
5 47
144 164
88 142
100 101
86 131
76 100
2 61
68 112
8 90
113 187
12 111
112 123
99 126
96 121
170 194
60 187
32 59
149 176
11 100
61 140
103 109
2 68
85 177
46 191
93 175
74 108
5 137
45 66
15 100
95 149
3 112
1 33
17 152
113 150
34 172
150 171
35 150
155 168
101 184
3 168
82 199
111 166
32 37
8 123
51 102
53 134
56 120
23 151
36 83
128 183
41 113
9 174
50 83
40 89
34 199
152 157
21 90
72 115
88 183
21 84
9 68
101 196
7 69
128 133
91 130
81 199
1 58
24 109
115 155
15 126
13 110
39 71
50 191
70 137
15 181
3 191
34 180
25 53
0 25
6 197
19 98
70 116
42 133
9 119
53 102
47 51
55 93
37 190
11 132
21 126
10 154
118 150
59 140
136 160
12 42
5 169
65 159
4 84
60 98
41 132
88 115
74 105
55 102
77 84
64 105
33 40
32 187
96 190
109 157
19 69
32 74
39 112
27 126
25 134
35 82
88 99
85 129
101 106
78 112
66 166
58 81
46 161
45 155
28 166
29 124
32 62
171 178
58 132
95 96
24 144
54 61
19 55
41 165
168 172
17 116
5 99
38 171
111 120
37 138
65 134
82 95
2 141
107 159
82 142
41 112
186 195
41 92
131 163
27 163
120 165
56 182
54 89
82 88
21 38
3 24
146 198
3 114
2 33
7 192
7 37
121 140
93 196
49 137
168 198
1 159
44 143
112 156
23 38
35 68
77 194
32 155
27 155
132 152
3 103
118 154
39 61
12 54
3 30
146 167
53 148
26 163
66 197
80 121
93 170
134 148
8 93
39 146
117 173
107 146
133 196
14 67
4 161
10 110
5 9
31 74
54 55
53 105
170 173
14 169
82 164
55 179
8 177
10 52
27 138
52 59
30 142
38 196
13 104
65 184
72 96
81 164
16 160
45 69
18 33
69 155
151 162
77 191
2 132
111 118
88 120
20 43
4 124
32 78
6 23
23 184
0 30
85 119
41 106
26 86
33 112
71 95
102 166
112 167
138 166
81 102
50 175
135 138
62 194
95 193
24 166
16 156
85 149
15 104
140 172
106 181
7 127
118 197
25 118
106 190
65 173
55 90
48 110
79 118
47 183
28 41
152 163
38 140
5 51
41 75
90 127
86 166
11 124
88 148
10 30
33 87
68 156
34 55
4 15
39 165
111 171
187 197
60 73
39 140
4 120
41 156
71 146
35 44
37 199
8 152
19 50
10 22
36 160
14 165
4 158
29 125
28 195
63 73
59 91
87 123
41 100
113 152
90 108
3 93
67 190
129 130
66 67
161 163
51 165
65 95
15 124
47 50
20 93
75 135
148 167
6 31
66 105
12 69
6 25
36 103
113 177
86 103
91 135
81 86
15 62
21 158
184 199
184 198
102 193
136 167
37 192
126 182
135 142
55 98
46 113
166 180
46 116
67 155
4 188
47 91
113 117
9 192
63 186
147 177
75 97
47 102
76 163
92 192
94 195
137 166
113 164
88 152
93 128
16 21
24 73
46 57
62 124
5 20
73 102
76 152
111 172
6 50
4 166
67 77
49 172
150 179
4 102
56 160
80 178
38 134
113 166
148 171
74 146
11 72
128 149
58 59
22 180
64 97
60 72
8 159
97 158
133 148
150 193
90 101
0 88
122 182
20 190
68 188
145 160
100 161
103 166
91 148
12 108
47 85
20 91
57 101
15 138
176 181
34 71
170 179
103 123
51 96
15 122
32 104
41 135
37 57
37 62
60 188
106 176
46 134
111 117
21 116
0 86
148 176
133 144
63 139
59 124
10 136
17 46
135 144
93 152
4 12
72 193
192 195
77 133
30 110
5 54
166 177
57 176
108 161
47 100
23 189
115 143
6 159
43 118
72 120
67 191
176 192
153 162
18 197
17 179
80 89
49 145
150 162
47 148
54 184
4 82
80 131
97 148
55 194
7 96
15 146
9 175
172 193
65 191
72 169
39 100
100 105
32 57
42 84
0 146
15 148
61 132
146 194
68 88
91 93
81 83
39 174
77 99
86 108
66 161
63 112
70 127
52 86
0 198
130 152
14 29
78 137
135 141
0 154
76 96
16 63
121 153
34 95
65 115
3 144
95 114
46 82
120 191
45 101
110 113
40 180
60 74
9 130
69 118
11 131
39 166
16 48
70 185
15 184
99 142
124 156
67 68
30 82
84 87
157 165
78 138
26 59
8 73
109 141
32 128
42 95
53 190
49 154
146 189
106 113
123 141
59 165
76 141
33 161
54 149
39 188
64 157
86 98
5 147
1 121
85 180
111 199
164 199
68 99
80 119
122 125
150 151
56 133
11 190
46 84
23 197
18 185
97 188
37 86
28 74
115 158
58 195
85 153
26 131
29 82
31 84
49 197
87 113
92 181
1 78
55 149
35 59
159 185
18 140
108 122
40 187
34 117
51 122
132 159
11 192
35 162
72 179
33 114
116 166
58 196
129 141
4 59
36 110
33 172
122 176
24 129
51 77
7 116
41 143
47 143
109 139
61 102
25 56
27 175
81 158
71 94
96 161
7 56
59 157
87 192
114 159
35 180
80 144
102 140
30 121
83 122
33 67
147 172
158 177
89 195
90 125
21 22
79 184
112 116
149 151
81 133
94 100
134 175
53 54
56 158
93 104
26 141
97 157
112 192
19 125
27 79
25 73
48 86
19 71
135 155
52 100
83 87
72 165
62 159
92 170
4 113
170 190
72 141
183 197
70 96
79 165
56 117
82 119
46 79
89 190
21 195
29 75
9 79
152 185
30 125
62 91
123 165
15 29
41 62
81 197
135 186
31 42
24 86
144 166
128 131
84 124
73 148
42 126
82 150
22 36
58 75
20 52
74 156
50 165
33 47
19 136
22 196
60 184
68 138
91 191
20 87
16 163
113 140
7 94
100 108
138 139
34 122
46 91
47 108
16 151
120 154
26 119
41 176
20 46
9 106
75 84
17 44
0 185
112 164
103 145
139 159
114 117
119 125
40 94
136 144
152 159
140 156
32 105
44 196
132 169
104 170
12 109
68 124
84 150
92 140
6 138
19 24
27 135
142 155
26 37
93 156
46 182
2 87
32 34
8 25
28 173
2 86
29 69
76 110
53 119
75 189
102 161
55 175
25 80
7 156
36 128
13 71
148 162
4 180
90 118
124 131
75 155
77 156
65 196
31 179
50 130
113 115
77 109
0 73
12 123
16 155
44 167
76 184
7 61
155 197
107 164
8 185
7 175
111 159
15 36
5 170
20 48
4 174
154 173
18 152
50 196
34 195
4 96
67 117
41 78
170 187
115 133
29 51
113 147
2 74
57 84
130 163
2 31
2 188
38 198
123 149
148 156
148 182
32 111
53 162
43 157
36 198
57 131
61 182
131 162
3 20
26 158
24 43
45 77
8 117
49 65
27 72
41 68
6 29
125 170
33 177
95 119
109 112
126 178
56 92
82 182
8 198
12 96
40 146
82 198
8 162
58 145
21 171
48 109
55 114
18 143
3 74
116 181
21 122
82 196
65 126
84 106
33 139
57 124
16 131
109 149
133 163
48 146
9 65
97 140
133 166
60 183
23 43
178 194
48 64
146 186
70 182
58 80
45 112
11 13
180 189
145 178
43 172
60 181
86 116
83 127
122 185
96 163
140 152
18 187
159 195
47 119
74 95
120 156
63 87
78 158
3 56
74 120
67 105
93 147
144 198
121 152
71 162
178 190
73 187
87 133
86 139
42 111
88 89
104 179
75 149
0 117
4 70
9 157
108 145
91 144
53 87
62 105
105 185
105 136
40 96
13 125
26 149
116 158
50 134
4 179
45 76
20 54
61 118
75 143
22 148
58 124
81 101
7 102
25 152
85 179
12 28
5 6
1 196
2 180
12 167
59 175
126 170
70 109
26 140
63 156
39 162
24 128
21 52
63 193
103 156
10 34
48 77
146 179
54 84
32 51
11 92
52 196
11 97
57 128
87 177
87 159
20 40
42 99
39 196
78 132
68 162
114 150
10 179
56 128
50 143
144 154
36 189
58 65
1 160
57 142
125 197
28 38
65 92
4 52
55 95
61 121
36 166
101 198
78 179
54 177
65 162
83 125
112 153
23 42
54 185
94 135
58 125
29 144
113 142
12 189
85 166
102 151
18 95
147 154
97 114
45 164
49 64
162 177
10 104
124 150
45 115
76 119
104 135
139 153
68 149
172 180
15 136
148 174
1 162
133 147
68 74
134 160
106 184
3 12
79 94
123 172
60 150
70 145
14 33
183 192
137 149
10 160
71 176
21 87
4 6
49 133
48 132
37 98
195 196
150 164
106 153
5 178
48 162
9 98
105 130
42 46
51 57
124 155
51 78
43 145
12 171
80 186
19 115
109 133
103 138
141 187
34 145
47 132
102 121
4 121
30 91
96 148
24 102
65 80
70 89
61 125
43 59
4 151
43 96
10 130
163 195
109 171
127 137
73 74
82 176
171 198
45 121
37 180
50 135
48 100
39 113
143 149
1 128
8 36
53 79
27 151
112 127
106 139
5 123
51 191
0 27
44 95
57 172
36 131
11 106
14 183
8 164
66 145
5 111
8 51
83 160
9 190
31 95
136 170
142 167
113 160
64 101
54 93
22 191
33 77
94 108
64 133
67 110
103 117
133 155
72 142
8 121
75 110
14 150
61 189
91 150
11 170
26 129
58 190
69 124
54 127
94 124
124 145
137 139
58 146
124 125
42 160
15 189
88 157
36 134
34 43
29 121
11 39
26 36
85 105
143 145
7 138
31 85
82 103
83 121
79 194
4 100
161 165
49 147
51 106
29 94
148 172
33 196
22 76
101 130
48 70
29 104
167 184
10 62
116 131
26 170
100 150
86 171
30 85
81 111
25 124
158 187
118 171
85 154
60 130
85 111
90 97
1 191
101 185
99 183
84 184
79 136
34 97
54 178
69 198
47 179
72 181
83 150
160 184
127 166
37 176
62 131
45 127
67 138
142 191
83 93
32 40
26 27
128 132
78 82
118 190
160 192
30 181
42 198
88 179
92 136
19 86
121 180
79 89
52 89
28 158
151 188
94 143
51 172
65 122
48 135
75 119
27 122
41 107
54 125
35 147
2 163
89 178
85 106
16 197
28 58
148 185
48 90
4 170
56 109
139 173
42 70
36 125
61 193
168 196
178 185
69 158
69 104
151 175
64 188
0 63
124 138
79 112
4 73
43 143
12 67
116 177
43 138
60 189
0 74
144 153
32 106
15 176
61 156
57 65
103 134
139 169
83 130
134 187
65 75
106 147
49 141
39 149
162 182
92 161
102 116
9 99
43 159
47 178
31 155
113 196
104 137
6 44
25 123
109 185
135 150
17 68
103 198
157 195
21 98
59 80
112 154
13 151
57 146
178 198
49 94
11 177
99 188
59 64
5 82
82 89
120 183
63 124
3 94
32 85
106 196
48 123
92 125
88 155
18 174
130 149
94 197
5 165
68 94
100 192
31 178
102 191
17 89
133 193
8 103
100 126
33 100
54 128
157 163
120 184
114 170
131 158
61 163
115 171
11 73
96 178
29 197
40 73
67 148
98 152
60 120
17 198
7 172
93 107
36 56
143 160
88 178
146 159
2 76
119 135
164 195
102 122
43 128
62 110
13 166
90 92
29 122
72 146
64 181
99 154
170 171
152 173
177 184
120 121
141 164
107 115
27 43
73 143
99 112
94 113
1 50
100 177
7 150
43 185
13 176
2 82
126 171
13 156
87 110
109 117
157 186
56 179
51 53
94 141
7 124
143 154
21 153
14 140
74 193
147 194
59 133
49 175
64 130
11 121
123 133
108 167
68 110
92 110
63 107
87 151
135 148
131 166
1 8
18 61
2 16
55 94
139 150
73 120
105 109
66 87
105 183
4 87
85 96
86 91
66 96
180 185
75 128
29 159
91 151
162 190
35 95
124 159
52 149
90 112
82 151
106 144
39 137
43 125
37 104
62 114
29 165
40 185
42 147
10 90
112 187
92 107
32 64
112 161
5 69
48 54
120 193
146 150
49 89
122 152
9 146
40 90
1 46
65 175
60 124
78 181
119 143
80 181
31 125
143 180
47 192
41 85
41 45
72 145
186 188
51 133
138 188
57 83
8 158
20 141
155 176
26 181
123 153
152 194
53 153
64 167
21 69
90 198
50 180
29 148
11 40
147 189
15 145
134 198
28 70
19 157
19 100
95 133
43 67
56 72
35 135
45 195
2 20
6 77
144 184
35 46
38 79
58 123
102 108
94 192
61 63
114 199
33 186
56 93
14 110
28 109
109 166
17 47
31 195
24 33
49 103
48 56
39 50
164 165
64 179
160 161
58 144
105 143
7 105
13 128
12 58
44 179
15 56
102 164
1 69
13 150
15 140
19 32
131 186
150 159
44 119
80 160
64 180
18 87
92 119
160 168
9 59
135 170
136 188
64 155
9 54
51 178
68 193
0 122
0 197
8 38
86 95
97 117
39 150
95 156
126 194
41 160
20 84
119 159
10 44
87 168
13 122
104 164
125 143
28 162
142 188
12 85
8 43
190 198
38 83
46 190
71 78
88 149
57 168
21 151
4 168
102 160
133 182
138 195
93 171
139 197
151 166
129 178
96 195
8 133
113 128
31 128
22 26
54 65
84 142
70 84
75 136
37 79
39 47
165 196
99 178
96 170
135 199
183 188
80 99
21 172
130 191
57 137
70 159
21 127
36 74
75 87
147 198
149 199
48 171
45 153
7 76
52 163
8 178
78 101
24 184
74 92
118 169
73 154
47 129
54 111
74 126
63 89
19 51
17 124
120 122
84 112
59 76
17 93
21 164
35 122
29 171
83 91
151 171
133 152
21 183
167 198
41 130
21 81
52 75
113 149
1 141
51 54
100 170
61 127
68 166
48 141
139 145
127 174
97 119
28 89
130 184
156 157
87 118
50 116
37 152
58 185
18 105
104 160
10 25
1 2
47 130
42 82
47 196
60 107
36 154
139 190
61 89
45 103
157 191
23 158
17 64
143 146
111 150
13 178
77 143
95 116
49 187
52 77
33 76
92 164
48 63
99 181
82 101
11 143
27 101
29 141
45 149
60 82
26 127
71 156
127 190
27 109
6 156
33 134
87 136
62 104
110 180
127 162
107 125
93 123
58 94
89 111
88 198
74 142
29 166
5 27
155 156
65 189
38 131
14 36
10 66
63 180
28 98
112 118
34 197
137 181
115 132
98 125
30 179
38 88
20 175
1 105
25 171
169 185
56 163
50 195
151 187
89 139
54 88
124 170
11 140
43 104
13 43
10 96
103 126
51 162
90 136
74 104
12 181
44 149
69 194
58 83
31 151
119 124
99 137
70 171
10 83
44 80
7 144
72 97
104 120
119 190
8 81
3 91
6 121
125 174
99 156
16 64
169 174
9 132
66 195
56 103
50 54
50 87
98 133
21 83
143 147
41 195
3 80
34 92
62 136
60 177
54 101
99 101
27 184
50 111
44 161
44 88
178 197
152 155
5 37
11 79
60 145
20 125
14 96
8 30
89 176
16 126
105 195
70 198
58 139
42 59
36 158
72 121
152 184
116 153
145 151
47 170
79 167
81 165
21 92
54 123
120 173
77 100
22 59
128 164
98 118
9 23
63 119
24 168
24 91
0 68
129 194
32 72
157 196
114 188
149 175
23 159
91 106
7 60
1 64
108 183
106 166
11 50
1 193
48 127
129 169
173 177
100 186
165 191
53 195
128 198
124 171
107 112
46 162
112 159
54 164
124 148
72 138
164 191
13 42
11 189
7 174
127 172
16 17
120 169
67 86
9 178
12 119
1 9
185 197
93 176
137 198
58 173
161 189
71 100
32 129
98 198
34 72
18 126
106 179
8 114
70 119
12 153
62 193
122 126
30 158
141 165
140 142
72 166
24 137
2 131
126 172
102 194
59 169
14 128
87 140
3 178
14 137
7 55
97 141
71 137
93 157
36 113
21 101
36 162
4 75
133 168
47 155
2 110
30 183
68 192
45 128
15 102
63 173
9 180
25 87
23 51
10 145
159 196
101 113
140 186
14 52
43 101
19 128
54 136
4 54
141 196
166 199
86 137
69 175
13 16
52 123
29 169
109 120
79 191
118 129
101 159
70 106
112 146
10 94
127 199
37 93
1 5
74 145
179 197
24 55
147 197
76 198
18 26
139 184
83 177
130 174
69 132
58 199
174 182
16 190
98 188
25 188
126 168
18 85
54 163
15 96
26 197
15 106
27 124
52 195
52 126
12 194
96 182
104 109
51 119
18 83
3 196
98 164
164 167
129 170
158 199
131 195
5 159
5 122
63 116
108 185
34 184
13 164
24 150
173 175
21 167
112 177
15 195
34 84
7 91
119 193
83 154
113 186
17 104
93 174
163 183
111 116
8 31
124 181
11 147
14 115
85 136
17 109
7 122
25 163
25 138
0 37
39 46
93 162
129 157
33 101
81 126
85 199
20 188
114 124
29 170
44 61
8 71
27 92
52 95
44 193
116 138
11 18
129 188
18 130
69 154
1 43
66 143
38 160
105 106
59 130
84 94
37 197
64 96
32 89
23 111
3 51
89 122
112 155
143 177
34 153
110 123
44 113
96 107
43 151
25 41
110 136
180 193
3 162
92 129
40 49
121 188
165 177
51 186
52 115
2 15
42 143
71 187
108 143
89 150
114 129
52 143
81 117
128 138
52 116
39 114
16 162
75 154
8 173
33 115
14 57
28 181
136 176
77 111
122 153
110 165
80 102
105 147
7 65
46 92
122 144
2 11
144 176
24 179
103 121
83 172
90 145
139 160
133 180
129 134
55 166
59 198
0 1
115 124
61 94
8 175
148 196
42 87
7 112
155 162
62 195
21 97
88 119
39 106
81 82
2 134
41 196
66 111
54 129
52 91
42 98
2 42
40 149
33 98
130 141
48 125
109 115
28 170
22 70
27 153
62 181
62 127
32 82
76 89
130 185
144 152
160 171
101 104
103 153
49 81
54 91
12 112
93 165
50 141
15 43
57 158
57 81
19 83
41 158
45 145
46 121
93 113
67 120
141 195
59 163
28 46
73 147
93 198
75 159
177 185
153 186
2 88
4 169
43 66
120 182
84 188
47 139
18 34
113 162
15 21
82 134
0 51
91 94
25 178
86 174
38 86
155 183
81 188
92 188
103 157
95 172
27 116
56 185
34 101
38 46
1 32
83 175
12 51
125 196
25 193
56 112
146 175
27 39
41 138
43 175
54 103
22 86
68 179
7 133
66 114
24 194
184 191
130 178
21 140
172 187
9 42
90 176
70 138
136 178
119 188
6 162
50 113
28 184
49 86
13 119
66 122
71 153
23 91
155 165
0 54
78 190
42 129
82 105
30 177
84 187
127 192
48 115
50 103
30 106
4 60
70 97
5 180
25 66
48 74
36 193
129 196
52 145
43 135
60 157
70 80
79 130
51 146
135 177
172 173
16 183
47 140
138 162
65 78
4 91
11 78
54 87
58 74
34 79
115 145
90 197
124 151
22 171
35 190
104 132
152 175
116 145
115 185
42 96
86 162
117 149
62 101
2 48
8 197
116 186
35 178
191 192
77 190
30 161
108 190
10 114
141 157
74 127
98 167
9 35
179 194
20 95
3 158
139 157
115 154
86 148
7 146
84 198
74 176
92 165
111 156
56 145
87 129
20 195
58 133
101 108
119 170
111 168
16 54
61 187
19 160
41 95
11 163
28 155
8 135
20 92
80 126
5 115
77 126
36 71
44 90
0 199
6 96
81 123
24 115
126 196
60 186
45 129
168 194
103 165
19 131
60 106
153 164
34 49
24 139
13 160
95 167
38 49
6 52
129 171
80 195
9 131
105 158
60 171
82 131
156 179
60 133
123 155
137 147
62 81
110 149
38 191
89 172
15 139
68 141
20 172
129 133
40 67
37 103
119 160
133 184
106 115
13 24
18 169
85 121
121 183
94 144
17 50
33 92
0 3
117 166
131 173
56 83
64 150
42 184
6 107
44 111
18 175
24 56
15 115
60 138
21 66
27 69
80 117
38 177
59 185
32 122
18 58
12 175
75 134
106 109
8 76
9 139
16 169
3 23
5 18
22 68
0 139
102 165
103 181
154 159
29 78
77 123
151 161
8 79
55 110
7 52
13 70
37 71
31 116
60 78
74 103
20 50
46 95
76 79
63 146
86 141
40 155
31 159
51 58
30 68
132 181
56 190
108 113
43 48
41 82
35 177
33 64
9 78
54 72
101 199
82 123
1 188
65 188
21 95
38 150
109 196
0 64
58 149
87 152
11 53
143 168
148 199
95 181
35 168
53 61
28 87
78 162
0 92
98 148
167 192
18 112
21 41
146 178
152 197
57 75
62 73
3 37
23 46
169 176
22 32
68 159
31 83
64 187
86 96
8 161
128 151
3 60
0 11
120 128
78 199
131 172
76 124
178 193
9 162
43 78
9 134
95 109
3 132
14 80
59 162
66 149
11 107
19 190
140 185
10 109
80 122
102 196
34 154
36 85
116 165
114 163
13 64
103 173
170 182
26 97
33 60
7 93
130 182
6 188
22 162
58 176
59 136
106 168
10 26
11 183
82 186
10 77
28 121
69 165
109 179
16 96
11 164
78 93
146 153
69 195
7 31
0 95
12 185
16 164
12 105
103 143
83 157
11 178
4 154
98 128
37 52
125 159
16 65
136 164
85 140
7 185
11 30
141 145
34 68
95 130
105 149
6 95
75 175
45 122
38 74
16 178
121 146
96 198
26 88
131 144
154 178
160 178
91 109
42 72
23 129
84 101
58 119
100 106
73 129
13 29
26 48
41 197
108 135
135 198
71 185
11 61
52 148
132 165
21 105
44 197
125 144
143 197
3 107
21 119
98 135
67 198
49 80
1 108
68 98
76 145
14 17
70 79
27 66
69 129
122 143
142 144
78 175
63 171
10 88
70 125
177 187
38 148
147 178
57 190
125 155
57 143
30 157
74 152
144 151
54 107
10 71
177 179
134 199
88 186
78 188
3 66
101 143
112 124
191 196
108 189
20 192
30 74
122 133
0 176
80 167
98 147
60 104
77 149
36 121
76 186
107 155
138 171
50 80
10 163
29 39
22 23
109 156
28 186
0 69
63 196
65 165
109 159
122 170
164 187
88 196
133 178
0 31
19 171
22 24
72 74
185 189
22 101
64 144
10 18
53 86
50 129
79 96
138 177
14 95
48 124
41 55
92 190
132 167
95 165
58 153
128 137
9 176
37 73
82 133
59 192
73 131
16 29
50 77
7 11
80 94
86 191
154 186
117 136
89 181
71 131
188 196
26 47
13 132
146 199
110 186
14 114
53 191
162 179
76 133
17 180
1 172
77 105
21 59
34 41
153 166
7 15
41 170
93 149
12 179
120 163
114 174
64 134
2 12
58 93
45 54
38 113
153 163
8 91
34 129
146 190
5 162
76 97
59 62
75 111
41 161
8 13
176 198
148 183
13 87
69 128
9 160
91 195
22 98
22 35
36 168
49 67
168 173
37 102
96 106
102 113
67 118
11 160
105 189
115 163
66 198
112 176
96 103
77 151
55 167
11 21
0 153
81 198
156 198
35 199
36 195
51 67
30 122
123 158
162 191
66 106
78 121
180 190
127 136
67 159
144 191
13 92
21 25
2 193
34 54
25 187
90 177
2 39
15 65
21 150
55 138
18 44
85 146
24 178
114 183
62 78
80 146
128 178
41 151
1 54
67 154
85 133
140 170
69 190
102 124
39 160
112 144
158 159
57 154
104 156
72 148
127 176
98 99
87 186
76 188
87 89
113 130
37 131
97 196
64 197
122 162
10 47
73 156
52 150
52 83
1 178
43 72
113 135
50 162
3 129
39 124
24 61
10 97
38 142
84 104
84 160
36 143
112 163
91 182
40 125
17 24
66 191
19 43
140 178
79 187
42 158
42 148
29 180
58 71
151 182
42 53
106 116
103 146
31 145
3 88
139 172
166 169
66 178
9 117
83 86
37 100
131 177
43 93
110 134
6 130
133 145
26 35
67 165
16 199
54 142
102 112
60 185
43 126
48 136
95 171
41 120
39 72
139 167
38 87
107 158
41 116
4 165
22 184
20 69
14 171
60 94
12 79
77 127
134 167
159 182
84 173
167 185
3 5
90 115
29 53
25 112
10 192
83 124
49 164
4 117
149 173
93 127
179 195
90 109
180 184
71 91
78 135
173 194
93 158
8 171
44 116
91 122
93 100
39 80
7 186
116 168
172 196
105 119
50 92
11 105
30 113
21 163
168 186
70 86
11 60
55 172
59 105
54 194
93 124
16 192
99 109
156 195
129 135
141 156
70 183
4 140
31 112
48 149
133 139
32 135
68 194
20 83
113 172
168 174
49 168
158 168
115 197
13 107
78 156
20 104
138 176
19 109
146 180
100 182
49 167
129 167
20 114
86 159
172 197
3 16
38 166
78 169
34 113
130 177
25 77
24 105
26 179
61 79
40 70
152 167
20 197
81 107
129 182
99 145
1 81
130 183
32 99
168 191
88 129
153 154
34 158
29 149
30 133
44 160
8 68
151 186
108 116
93 190
41 47
158 195
69 152
77 169
0 115
39 167
18 25
127 140
22 163
57 91
48 73
77 97
10 41
39 44
28 39
65 156
78 183
55 168
31 48
30 44
67 78
15 33
72 117
86 185
21 149
24 120
70 192
94 150
124 144
112 128
6 70
50 78
64 113
11 179
31 86
121 189
56 139
22 149
3 181
154 183
29 193
45 106
65 108
3 104
99 139
131 192
64 165
27 178
59 122
81 194
126 137
8 194
143 155
63 77
36 165
20 146
66 160
106 192
12 157
9 52
37 46
38 59
47 138
19 31
71 196
120 152
125 186
94 148
46 99
116 180
12 130
94 145
135 176
28 177
99 172
89 163
101 194
167 178
126 179
172 194
95 104
63 70
61 137
54 199
58 73
17 141
119 131
184 187
52 97
92 153
8 129
101 181
41 91
10 166
83 103
102 132
60 71
72 192
31 61
76 160
98 192
172 198
62 98
128 171
75 197
115 183
9 88
177 191
8 23
45 157
87 131
12 129
104 144
72 161
53 100
32 176
37 191
49 128
85 197
48 198
8 84
99 149
28 112
61 113
14 193
54 112
40 64
70 72
149 196
11 84
28 188
1 92
99 187
18 24
78 118
106 129
24 88
125 164
46 167
35 41
151 159
103 161
123 124
95 155
93 121
23 173
48 177
188 193
85 190
145 179
11 120
18 173
48 96
6 129
75 117
99 148
40 167
100 130
23 123
75 91
87 101
15 172
118 130
116 187
105 107
114 164
52 56
27 140
31 171
149 153
156 184
23 109
96 128
18 188
0 131
21 121
50 140
24 37
38 93
48 82
83 140
68 145
74 129
43 87
49 162
8 113
49 98
30 55
84 93
98 150
110 129
155 189
74 155
35 65
154 164
36 182
22 39
141 181
6 63
6 71
12 183
98 132
127 169
77 163
162 175
110 130
92 152
16 20
86 110
63 97
67 92
46 73
114 119
41 141
16 78
39 141
134 170
6 9
47 126
135 162
79 153
141 175
137 179
20 90
84 125
65 153
144 168
24 100
27 84
109 128
138 151
84 152
42 162
124 189
57 149
183 199
42 56
15 109
2 108
61 143
105 132
37 59
69 153
45 93
101 110
150 189
17 31
73 185
65 151
17 99
41 118
76 84
56 177
81 177
177 198
36 184
96 180
3 61
70 103
4 126
21 58
97 120
81 122
92 98
44 96
29 195
0 182
109 197
42 121
51 101
64 115
7 9
94 123
21 74
87 103
64 72
29 112
33 175
74 75
40 158
119 194
144 193
2 112
136 185
59 74
18 172
68 132
1 125
24 116
81 105
127 177
158 197
18 99
58 121
3 127
118 173
197 199
167 176
151 179
82 143
146 176
10 82
38 168
40 116
14 39
70 170
177 186
80 187
100 132
72 183
11 90
9 122
149 182
108 197
124 166
16 44
50 84
122 169
32 112
24 162
1 151
7 25
46 68
20 75
121 137
33 88
42 170
169 187
83 126
133 164
59 82
85 159
26 188
54 161
132 194
12 180
89 142
50 53
33 45
72 164
118 181
51 107
175 177
46 108
76 134
51 190
35 119
93 140
64 156
91 142
59 104
6 143
98 144
111 146
28 151
12 139
155 174
46 122
4 194
56 79
3 164
100 119
13 116
84 146
25 147
4 172
69 137
126 159
15 164
58 152
41 131
75 138
85 122
4 21
144 170
30 180
105 174
51 60
54 57
68 120
143 190
42 181
8 57
63 166
4 69
47 152
69 102
26 87
32 113
36 101
102 141
86 169
105 125
110 131
25 198
44 45
31 180
101 141
111 183
112 121
54 74
19 159
50 73
35 152
145 197
127 167
114 158
115 190
84 134
93 131
56 123
59 176
17 33
1 177
31 119
157 159
83 96
128 184
10 162
1 184
111 130
107 192
88 193
72 150
151 185
35 83
51 170
25 68
57 134
93 167
31 131
64 126
130 153
0 81
37 64
0 140
119 195
19 75
0 192
25 119
63 90
14 83
90 174
73 189
96 137
42 144
126 190
26 92
68 197
33 132
79 152
55 84
8 40
60 85
84 180
53 111
92 142
56 107
142 163
116 174
147 158
169 178
122 184
119 137
127 159
71 125
62 99
54 160
140 179
33 49
41 159
18 41
66 68
64 81
66 130
11 47
17 77
77 173
75 81
37 130
45 97
33 189
154 198
68 196
53 125
23 153
13 58
10 70
64 84
103 122
14 199
60 88
153 158
104 138
149 183
17 148
72 140
120 187
74 161
76 106
19 84
32 58
19 82
64 125
174 195
14 164
55 183
88 165
40 68
28 76
60 182
99 114
15 38
89 188
0 105
72 185
79 107
12 145
10 156
0 129
35 163
6 182
55 188
23 112
62 185
125 189
25 101
106 135
141 151
113 180
27 158
8 105
61 90
128 168
176 184
7 75
99 105
7 129
126 181
21 133
122 155
26 28
72 184
152 179
17 48
22 132
100 111
115 150
17 63
31 162
47 55
52 140
5 172
71 144
38 104
68 150
173 185
0 148
12 84
7 169
2 159
124 164
23 131
83 184
169 175
114 196
25 61
7 167
91 169
23 145
94 194
31 181
15 58
151 180
63 149
100 159
38 103
46 149
39 43
80 115
11 76
33 36
50 68
67 69
60 70
27 185
141 149
52 80
17 129
20 177
59 68
140 168
103 133
56 116
166 182
30 89
97 139
27 167
35 113
30 140
81 130
106 171
58 88
64 85
119 146
115 129
3 138
24 183
12 151
1 19
14 182
2 173
8 98
43 147
22 52
80 194
44 131
29 116
6 192
12 94
48 84
90 183
149 189
80 120
17 84
103 154
49 142
8 61
88 103
133 157
59 174
146 183
23 160
79 181
62 147
39 42
54 134
100 160
64 183
38 192
10 21
4 197
19 164
43 163
58 117
59 100
60 152
79 85
55 157
161 195
140 158
93 148
20 128
130 137
28 95
25 38
51 164
36 40
1 192
112 140
28 82
38 120
25 127
161 166
43 153
13 83
129 158
17 19
79 80
193 198
51 154
19 170
8 167
97 98
123 173
13 50
88 174
98 170
115 128
50 199
10 176
133 192
10 107
7 83
49 124
0 56
3 128
26 95
71 136
104 131
10 63
170 178
67 161
1 190
31 94
62 130
68 170
94 152
118 136
65 102
58 192
142 148
28 141
89 137
138 159
62 155
153 155
72 162
65 166
46 61
58 86
25 129
128 144
39 64
113 137
77 188
39 98
16 100
89 113
85 193
57 170
0 174
50 91
80 155
106 162
9 83
46 51
114 173
48 75
128 199
7 128
69 162
119 165
38 57
11 22
32 109
110 156
64 162
60 143
74 157
2 36
146 164
67 112
83 115
141 188
11 188
56 98
72 75
65 144
56 87
147 149
75 90
17 113
42 159
106 195
101 188
30 56
6 99
8 130
114 172
33 95
7 89
62 86
54 96
30 139
117 160
3 72
122 159
41 44
0 167
36 153
39 192
54 148
63 110
81 118
149 160
138 172
88 98
76 166
44 181
49 179
14 40
56 166
53 146
79 177
126 183
139 165
69 161
34 109
127 165
60 64
38 108
159 175
93 95
178 188
89 98
23 149
52 183
39 143
29 61
93 163
173 178
25 167
53 160
0 158
109 194
9 95
148 150
114 123
10 142
47 191
5 45
16 121
94 149
32 158
10 75
166 183
30 32
51 128
110 124
55 65
83 113
97 186
4 131
3 6
26 30
27 96
12 199
22 81
104 118
25 114
145 176
44 48
0 147
3 188
103 108
6 177
40 88
5 93
61 185
87 96
58 103
134 164
41 134
10 85
79 131
28 86
123 126
42 54
5 117
0 178
69 103
59 199
162 171
82 194
7 135
58 127
0 49
34 152
51 56
18 181
137 142
138 148
98 116
133 161
70 121
20 193
52 111
7 152
4 133
44 101
171 185
131 148
51 113
83 182
65 120
155 196
17 194
47 54
136 184
3 195
13 66
45 94
115 147
89 135
68 165
107 195
132 149
12 101
51 87
71 73
20 181
16 135
79 126
122 149
10 183
88 141
50 166
74 113
77 96
51 158
20 119
12 154
31 166
91 170
114 116
43 70
126 139
69 184
49 91
69 131
99 194
18 98
40 181
164 171
46 78
63 122
122 136
129 154
9 62
34 176
119 191
35 60
49 77
125 141
33 170
100 142
29 131
83 188
53 156
78 84
134 182
11 122
121 157
80 101
47 136
34 186
18 100
27 162
87 122
64 112
96 185
28 157
55 150
17 22
47 116
0 42
28 80
78 107
39 109
3 102
54 99
76 130
110 179
125 165
156 197
42 116
128 197
144 148
2 13
35 105
74 128
42 75
37 117
24 124
0 143
23 115
14 167
14 162
161 188
106 183
59 65
60 141
84 151
124 187
137 178
129 179
71 191
10 195
88 185
149 167
29 175
43 111
66 83
42 120
24 93
20 67
126 158
37 144
86 122
23 57
21 109
107 111
46 153
70 165
61 93
44 146
164 179
159 160
37 128
30 64
95 140
126 157
36 47
15 149
120 150
127 171
40 97
59 83
57 164
115 184
8 83
26 148
107 141
33 122
21 176
105 164
54 68
50 137
57 118
108 179
118 172
111 182
144 185
157 190
116 157
26 178
6 131
115 196
4 157
29 60
75 116
54 187
58 92
183 184
136 149
154 169
38 77
153 193
73 162
79 170
101 136
2 118
32 115
35 99
3 54
9 47
99 168
3 198
74 198
33 158
11 187
62 197
56 73
52 160
50 63
91 165
48 184
92 160
46 54
108 146
69 171
30 186
40 119
56 59
18 78
22 73
55 80
5 73
15 113
80 138
171 196
133 175
27 179
154 181
121 177
3 118
3 29
23 124
57 66
51 194
173 189
31 196
83 102
106 118
50 72
115 137
181 187
11 144
121 135
89 144
6 106
41 110
89 193
107 166
51 112
121 143
27 70
100 166
158 188
30 141
75 162
66 116
134 189
126 175
28 108
98 129
73 142
20 110
33 96
114 154
128 159
47 60
10 174
15 175
53 58
40 95
133 187
54 174
100 167
174 185
135 153
159 179
22 51
90 126
43 199
68 125
15 30
32 188
51 123
35 57
90 180
53 60
116 141
154 190
36 105
3 48
2 35
35 161
37 121
90 121
33 91
68 137
135 164
40 54
27 194
11 110
30 170
172 199
85 138
2 199
28 53
75 179
111 186
24 92
76 92
44 195
72 122
138 191
109 168
51 85
127 182
40 166
48 66
69 146
118 163
27 88
14 86
59 92
169 170
104 191
135 196
6 94
13 56
19 116
21 106
5 128
50 52
70 153
104 111
63 148
52 190
106 191
91 147
43 68
44 153
25 55
137 164
15 147
101 167
4 115
111 124
44 91
54 130
14 26
34 133
42 60
81 168
5 199
18 124
119 181
113 193
20 167
28 52
26 118
35 148
91 164
153 171
41 146
128 148
5 120
27 108
15 129
44 117
52 118
63 129
11 152
86 89
112 133
6 20
100 138
28 190
81 169
76 156
63 187
48 170
26 83
161 174
95 108
81 154
47 133
94 189
86 168
156 159
35 197
158 179
53 66
56 197
87 158
65 86
89 162
115 152
140 193
3 87
185 190
13 88
89 110
84 147
21 88
20 96
73 145
42 154
13 111
28 127
102 148
140 198
109 183
40 92
99 158
124 165
43 73
13 44
58 79
77 157
28 81
21 61
32 114
160 195
25 58
71 72
24 199
110 118
5 125
90 130
32 77
83 120
27 28
63 157
66 69
128 156
152 189
73 191
89 126
114 139
24 64
34 168
73 136
94 179
103 193
92 167
151 174
9 141
27 189
6 61
123 135
13 97
22 165
4 81
27 112
3 58
6 79
13 123
31 93
20 55
79 157
1 48
95 121
24 188
16 84
82 114
17 71
126 134
126 187
22 179
40 99
69 126
43 89
22 134
125 136
84 127
10 126
65 112
57 114
51 121
35 128
35 189
25 27
101 145
85 100
35 62
73 146
128 167
28 131
91 162
45 79
94 110
108 166
164 194
56 140
8 18
31 118
28 66
59 154
99 162
95 161
72 170
18 110
42 172
80 88
142 160
84 177
87 124
77 167
87 156
9 29
11 196
128 135
66 110
160 173
161 168
90 153
49 191
130 156
45 136
8 166
109 135
55 141
151 178
131 179
3 63
1 42
64 95
16 193
129 177
35 188
49 120
99 103
99 111
4 175
7 87
75 191
102 181
116 197
52 74
111 154
26 38
20 60
49 55
95 105
174 178
164 170
107 196
30 48
160 187
4 101
118 176
174 197
22 94
142 175
31 113
141 189
87 179
116 132
35 192
33 149
43 178
31 120
36 174
18 80
155 163
18 156
41 122
5 67
29 146
67 149
69 117
91 155
184 194
91 121
133 140
21 124
48 140
41 199
25 139
22 64
14 32
140 151
127 163
17 199
186 190
67 87
174 194
129 172
21 157
31 142
4 167
18 163
104 140
32 88
165 193
94 166
121 199
11 48
43 91
107 176
30 130
133 167
78 147
143 172
37 185
125 181
181 193
36 97
108 188
34 37
92 100
159 180
52 133
90 163
77 159
150 167
181 185
107 160
155 179
60 173
71 127
52 120
27 121
149 185
39 130
63 75
4 7
57 171
3 130
8 49
150 170
5 87
172 178
30 124
96 130
177 196
78 95
51 55
60 126
72 186
50 174
42 128
48 191
133 162
36 102
54 85
62 66
19 185
77 152
112 145
121 136
55 147
44 165
37 143
109 119
17 115
97 182
46 109
62 82
122 167
2 22
8 195
21 120
7 176
158 186
6 78
168 192
49 57
74 162
84 119
5 155
24 106
63 137
44 123
13 199
115 156
25 84
24 134
54 193
8 182
52 186
23 137
23 117
21 141
92 135
26 133
19 58
59 79
30 43
29 192
5 182
71 123
170 184
1 138
9 121
167 191
109 123
39 60
77 145
157 168
2 114
38 58
98 184
13 37
63 79
91 127
66 186
50 139
132 164
27 40
37 109
26 136
189 193
50 124
6 27
41 99
50 64
111 170
34 42
81 94
115 131
5 33
140 192
2 94
50 70
20 99
37 127
83 170
67 197
78 189
13 32
59 103
17 73
116 178
24 80
126 145
55 144
23 80
112 141
62 94
80 161
108 182
176 177
97 152
74 101
23 140
59 94
64 146
46 137
58 161
86 138
42 169
171 176
77 119
56 78
56 198
68 126
22 175
23 53
41 79
53 126
0 111
16 188
141 155
39 48
70 110
60 62
69 78
5 15
2 156
55 148
75 139
16 76
27 181
15 158
107 122
38 65
73 140
146 151
36 72
77 91
45 191
82 172
168 190
125 198
60 190
153 160
20 135
105 177
11 198
51 117
7 47
68 101
5 143
30 72
180 199
35 149
158 182
7 41
75 170
63 134
14 188
124 175
57 96
27 139
21 173
49 195
114 175
33 180
0 155
121 187
159 168
40 115
61 166
5 88
36 186
1 164
67 146
149 166
23 63
27 157
35 103
132 183
35 171
10 39
53 168
96 162
123 169
160 188
5 71
124 140
60 95
69 99
5 186
2 130
87 104
53 59
91 139
33 120
126 131
170 180
181 194
132 162
38 138
163 166
30 99
138 143
67 171
20 77
42 58
32 167
117 195
155 164
36 38
56 95
181 183
62 100
180 187
124 139
92 95
25 31
57 113
67 71
153 183
3 92
38 109
23 66
90 129
78 163
17 185
16 184
83 187
26 111
54 121
19 52
53 113
35 120
91 178
118 140
11 32
81 191
4 56
29 198
6 83
115 157
53 188
143 181
35 187
0 163
95 132
58 171
35 164
76 114
74 164
0 75
3 146
82 130
18 79
95 111
109 111
14 166
145 161
179 190
27 142
73 197
100 122
65 87
76 118
4 38
86 93
139 158
71 197
26 167
93 184
86 177
77 189
155 186
54 141
7 53
121 179
44 114
127 153
113 121
107 162
111 128
2 10
22 182
0 89
2 127
169 192
34 96
10 74
36 69
15 51
106 143
149 178
157 176
19 173
151 199
20 138
183 194
8 44
49 192
42 178
9 26
82 92
2 158
18 107
48 172
132 178
22 120
114 131
2 155
20 35
34 175
62 120
21 155
82 118
87 170
38 110
8 19
72 197
89 165
142 170
42 80
32 144
19 188
69 192
11 161
46 126
62 140
90 167
109 136
4 193
92 179
40 122
80 114
15 112
56 85
25 165
182 197
61 179
96 132
23 127
131 175
85 157
119 163
5 64
75 190
56 99
12 33
7 123
16 115
25 155
19 57
17 136
114 157
88 173
101 137
28 187
94 172
80 133
60 199
93 166
143 157
129 153
79 105
63 133
55 61
21 152
0 150
67 162
161 192
39 104
64 168
20 144
32 143
44 53
139 141
48 106
120 134
114 146
27 81
0 33
40 93
71 77
61 116
0 124
79 147
0 172
7 151
10 17
14 154
53 108
56 131
35 36
61 111
101 118
85 120
56 195
6 147
2 183
22 33
110 177
46 197
43 127
58 112
50 158
64 116
89 106
102 188
15 123
19 120
39 87
41 101
35 88
78 155
17 183
147 163
8 75
136 181
26 60
9 31
8 108
51 65
90 164
69 85
18 133
117 188
10 169
3 177
29 174
12 19
53 140
14 68
22 91
114 181
75 103
59 75
38 151
86 104
12 116
0 125
82 106
6 15
100 134
62 125
55 66
7 136
76 112
18 177
162 169
123 186
103 174
76 115
19 94
45 183
6 69
139 186
109 138
116 120
146 174
73 114
45 176
118 167
55 122
77 87
58 61
1 139
80 170
108 194
62 198
113 169
130 176
187 198
27 83
107 174
122 154
4 141
96 168
123 166
51 104
43 55
55 195
18 116
139 156
0 6
34 187
75 115
90 159
12 27
24 153
120 199
33 34
82 174
74 99
40 120
50 164
22 143
98 138
61 184
123 168
23 54
67 122
25 121
80 96
79 139
117 183
47 96
63 80
110 167
71 92
19 30
61 86
67 152
39 153
140 160
87 100
92 189
131 189
120 138
8 89
38 161
112 197
134 180
15 180
78 103
14 84
36 194
47 142
7 168
14 55
37 151
41 148
67 129
47 150
155 181
6 34
34 87
108 139
39 85
61 134
1 80
92 193
111 136
85 124
65 138
42 136
8 63
23 136
46 81
93 185
61 167
78 130
93 160
106 119
38 188
68 143
7 103
5 10
143 173
65 154
13 192
80 179
17 130
13 188
80 107
41 93
58 70
28 168
134 168
0 26
13 30
156 189
81 131
19 179
80 163
105 178
28 104
28 185
101 150
13 86
45 151
103 171
146 181
61 74
81 150
57 104
27 48
32 184
103 172
12 186
161 194
60 144
30 102
157 160
17 51
106 173
25 43
30 39
40 160
95 191
1 18
18 40
95 128
24 189
61 73
102 145
104 171
117 129
120 181
12 173
48 164
76 169
13 27
1 21
19 99
52 198
160 190
58 182
122 191
15 46
91 117
95 122
73 96
48 61
110 199
65 180
93 179
136 190
76 87
42 62
25 103
70 191
47 94
23 175
67 185
103 197
106 185
4 55
82 83
1 130
108 120
77 116
157 166
2 100
31 175
170 175
43 122
33 117
47 171
145 156
12 55
37 68
19 102
48 193
19 162
75 98
50 152
40 154
179 187
27 172
28 180
164 198
8 124
12 162
8 181
171 193
99 123
53 73
67 135
79 192
138 189
131 154
21 145
29 172
127 191
105 148
4 37
22 95
7 125
52 78
130 144
68 108
119 129
36 108
39 40
4 162
150 173
118 182
83 89
73 121
96 98
28 130
38 154
77 182
107 161
8 66
107 119
114 122
30 107
29 194
24 127
72 196
41 187
101 157
12 133
33 79
17 70
2 152
56 173
8 172
53 72
118 180
34 181
70 102
29 45
104 163
68 164
0 136
49 181
125 134
74 166
95 158
170 181
42 199
21 42
25 149
71 140
10 173
102 125
80 193
118 184
30 166
33 153
88 184
145 190
126 132
8 137
102 143
56 189
3 76
98 187
55 142
14 187
182 191
1 30
101 139
78 106
110 195
97 123
86 146
38 155
125 185
5 171
68 151
32 107
119 150
49 111
22 128
45 102
10 132
96 133
115 138
24 138
18 94
50 121
10 189
125 150
90 146
55 153
177 181
7 90
178 186
0 118
60 162
15 91
168 175
82 175
70 169
115 199
83 190
98 166
23 133
25 194
70 81
125 156
95 106
171 180
5 98
46 145
56 66
24 47
62 179
111 129
16 124
5 198
51 168
7 170
60 76
100 147
49 131
13 33
55 79
77 104
0 34
125 171
99 107
116 130
14 63
92 197
33 111
49 116
10 36
152 168
4 127
54 155
45 82
51 68
130 157
101 140
110 163
104 125
80 140
2 122
53 171
20 191
159 199
79 151
55 60
33 150
38 119
22 85
75 100
105 186
122 131
45 87
62 177
65 97
75 156
40 179
75 93
50 125
18 135
56 132
2 24
108 191
65 197
39 191
59 168
12 126
38 45
35 50
113 127
65 168
24 158
68 142
61 126
0 4
54 81
16 75
9 102
45 57
91 173
70 173
34 155
150 175
55 124
104 198
102 119
40 74
101 171
71 118
101 117
31 39
77 95
132 147
138 154
81 162
116 142
2 28
26 52
22 199
35 142
8 29
3 105
92 102
4 83
64 76
82 127
0 59
30 69
112 188
66 92
57 76
31 184
85 104
71 145
25 151
36 157
143 188
44 108
39 122
100 141
34 56
151 176
27 71
67 144
157 178
69 84
25 37
113 171
72 137
36 75
136 198
29 154
108 152
83 143
69 70
123 178
95 112
40 80
22 140
57 179
84 113
21 80
13 193
89 146
9 33
52 194
6 158
53 123
24 192
6 178
86 127
137 152
80 124
4 155
102 150
30 70
10 190
33 148
122 192
12 40
38 105
162 181
148 178
89 143
167 190
144 192
41 183
107 123
44 141
54 153
54 80
87 116
104 122
21 75
108 164
15 53
145 196
9 188
18 183
52 98
125 173
0 114
67 147
119 169
136 173
68 128
146 168
92 155
121 132
62 135
10 56
136 194
116 128
45 52
31 135
96 118
31 44
75 145
92 118
109 137
131 150
1 61
6 38
174 190
44 109
22 146
122 124
12 141
145 174
55 191
48 120
12 81
12 117
74 114
9 196
54 100
134 197
17 57
108 151
49 75
98 117
91 119
165 190
94 178
156 181
141 150
98 120
1 194
18 131
106 108
28 152
30 61
39 66
30 94
79 171
76 104
150 186
55 129
100 144
76 173
22 27
8 33
15 166
6 180
37 161
35 155
50 112
135 158
79 168
104 147
121 172
92 104
3 10
26 62
74 180
53 115
22 74
43 99
87 99
18 90
87 165
67 139
102 104
25 191
176 196
76 175
0 160
92 132
1 36
6 32
46 189
35 85
0 46
76 195
31 182
62 84
149 169
175 197
120 162
50 176
7 190
136 154
94 116
43 133
60 121
1 195
13 57
39 147
23 71
1 94
9 61
39 82
36 149
13 100
124 173
33 185
112 165
27 54
28 119
13 167
30 98
32 131
103 139
46 177
134 136
118 157
68 144
120 127
18 141
166 189
45 58
99 163
10 13
42 64
95 152
30 198
15 90
117 193
4 116
25 137
31 186
9 124
35 132
132 158
167 169
103 158
89 160
136 155
2 6
81 145
86 123
143 196
18 45
3 149
52 64
90 169
1 47
30 174
74 121
93 154
129 138
9 75
92 194
66 93
69 159
8 165
96 146
62 64
23 56
39 131
42 106
15 79
147 182
76 170
0 194
71 93
43 109
13 133
65 169
1 37
63 92
117 121
15 55
55 155
18 59
67 97
105 151
105 196
194 198
154 157
137 186
19 133
91 95
77 103
17 83
96 149
25 183
122 137
1 40
24 27
175 188
32 168
21 35
41 50
104 195
149 154
118 153
174 177
19 168
4 147
79 143
104 178
67 131
4 137
21 131
23 177
67 107
41 126
105 135
59 149
21 132
17 186
118 119
128 158
67 142
102 154
106 127
64 80
174 192
125 138
65 139
66 77
50 178
4 132
76 151
69 74
92 115
79 146
69 79
5 30
49 115
53 199
70 179
34 141
104 194
14 192
62 102
153 168
3 75
183 196
14 31
96 155
118 189
57 173
168 180
22 161
90 95
50 179
187 193
84 118
43 50
11 89
79 161
145 158
123 199
71 81
15 78
118 185
98 101
119 147
38 84
84 90
3 157
70 181
82 197
9 135
77 137
45 185
79 182
156 172
85 117
41 153
39 127
183 191
24 186
67 170
90 138
66 125
139 181
17 120
62 92
31 68
21 179
28 174
155 158
73 160
41 52
34 124
147 187
192 199
53 65
100 140
93 159
56 159
88 116
72 113
5 113
15 134
99 166
83 114
26 85
35 94
133 134
141 180
13 115
77 86
139 191
108 158
51 195
10 23
19 123
106 156
43 141
56 114
28 100
177 195
158 173
37 133
37 113
12 136
37 159
93 118
108 137
103 116
124 190
6 133
149 179
68 73
8 190
95 182
56 176
74 148
16 22
92 93
101 103
129 191
134 165
64 91
91 99
72 144
74 89
103 131
58 160
58 87
107 178
152 186
37 149
99 132
52 106
38 114
141 174
39 171
79 140
52 178
3 180
9 167
101 129
1 41
75 196
49 118
114 145
5 31
66 139
70 82
6 185
115 178
50 133
42 137
115 140
14 149
12 74
8 180
81 160
89 136
13 102
26 66
87 126
37 44
140 163
29 67
54 92
76 131
54 76
51 94
62 191
67 80
62 121
18 178
51 81
13 181
16 127
75 127
40 152
38 156
11 64
74 183
120 137
36 146
109 198
163 173
88 106
96 165
77 78
141 160
42 132
47 135
110 125
99 175
153 173
59 189
35 92
11 94
15 81
7 173
3 124
80 113
169 171
13 67
34 198
46 127
41 57
178 183
22 92
170 189
83 148
101 169
91 101
110 181
27 115
50 187
73 159
134 169
65 66
109 175
12 93
163 197
131 184
136 199
64 189
96 159
27 114
105 123
90 186
157 172
98 159
82 112
95 129
12 86
4 195
59 72
37 181
35 90
184 190
124 191
26 159
88 131
67 150
43 168
84 199
33 188
24 51
16 53
33 66
43 57
4 123
7 108
15 50
32 46
19 67
21 71
37 170
29 153
68 130
17 145
75 104
65 195
95 144
14 77
146 148
19 44
152 171
183 187
46 176
8 138
77 94
74 150
22 173
89 94
52 62
12 62
1 3
96 184
12 131
2 197
26 164
41 65
163 165
3 41
172 192
42 192
1 7
80 135
146 157
6 101
82 146
7 68
16 195
130 160
29 109
27 73
76 126
46 166
120 124
12 164
55 127
20 88
78 197
19 27
79 149
55 73
58 155
9 128
121 182
124 127
93 139
84 191
104 123
32 147
56 65
144 159
186 196
44 182
22 139
48 80
26 137
35 193
7 80
27 136
134 190
59 139
77 112
78 154
32 101
72 180
1 16
9 143
71 84
32 66
57 175
