150
0 1 2 3 4 5 6 7 8 9 10 11 12 13 14 15 16 17 18 19 20 21 22 23 24 25 26 27 28 29 30 31 32 33 34 35 36 37 38 39 40 41 42 43 44 45 46 47 48 49 50 51 52 53 54 55 56 57 58 59 60 61 62 63 64 65 66 67 68 69 70 71 72 73 74 75 76 77 78 79 80 81 82 83 84 85 86 87 88 89 90 91 92 93 94 95 96 97 98 99 100 101 102 103 104 105 106 107 108 109 110 111 112 113 114 115 116 117 118 119 120 121 122 123 124 125 126 127 128 129 130 131 132 133 134 135 136 137 138 139 140 141 142 143 144 145 146 147 148 149 
6705
4 85
53 135
23 99
111 143
76 108
19 145
49 108
24 25
44 120
78 88
112 143
57 108
37 86
30 59
101 109
101 116
41 93
87 138
86 88
27 148
56 99
124 138
53 100
44 88
33 110
1 64
107 125
30 106
9 17
39 43
58 77
101 118
54 139
84 139
54 75
38 142
9 33
60 148
94 128
66 131
130 140
66 97
60 126
26 98
55 146
14 90
29 73
7 85
53 75
42 111
55 103
82 89
29 70
58 146
70 120
30 148
16 89
70 118
101 120
49 58
24 112
86 121
120 146
56 59
13 87
38 128
52 78
27 51
10 72
29 87
103 118
26 105
103 137
95 128
1 112
29 92
15 92
42 100
4 81
49 89
74 88
50 129
27 68
5 76
28 73
65 105
20 124
117 125
1 66
83 123
73 133
60 134
56 119
20 88
26 137
110 140
23 123
15 122
4 5
9 124
48 109
13 66
56 112
74 134
44 71
55 126
89 108
104 122
87 146
3 101
14 108
44 107
85 125
63 104
84 98
41 103
51 135
20 52
129 132
65 124
14 117
70 124
24 119
25 131
42 65
55 124
31 71
79 114
27 75
73 85
21 97
77 146
70 82
4 50
129 144
6 73
4 143
75 93
52 126
19 75
94 132
32 86
32 40
8 68
51 116
113 139
48 145
10 146
104 115
81 146
2 123
39 111
18 34
81 135
21 124
108 124
44 84
111 129
39 89
48 134
121 122
125 140
55 106
130 137
37 108
45 70
81 121
0 37
33 38
51 87
120 141
83 88
27 134
21 25
4 136
59 143
43 134
142 149
55 116
16 52
49 149
116 125
8 102
6 54
44 59
47 135
18 43
19 129
37 122
44 139
41 84
91 104
34 130
79 121
60 74
34 70
42 122
5 142
69 85
61 67
24 100
1 58
43 130
11 137
74 146
30 67
48 140
90 124
16 86
33 82
19 30
12 66
109 146
73 106
59 147
27 129
23 117
84 107
59 88
44 55
49 129
16 71
4 18
142 146
81 84
77 98
92 119
11 82
2 126
25 125
52 110
24 87
4 56
32 103
55 78
8 71
37 133
84 123
18 32
15 131
39 75
66 99
53 105
37 51
58 133
32 113
119 142
70 112
74 89
17 86
87 108
77 101
39 95
141 146
6 91
40 49
16 67
26 36
9 146
120 133
20 144
38 136
2 82
45 118
15 107
9 120
126 149
81 115
21 60
23 149
128 137
7 28
33 55
66 81
99 106
36 37
139 149
76 110
36 80
119 148
72 141
47 80
37 52
68 138
39 83
0 58
68 112
12 111
3 27
98 110
20 94
38 135
23 98
5 56
25 30
22 64
19 86
31 105
68 107
51 141
24 37
29 69
47 55
59 135
62 105
30 45
15 56
0 102
53 121
65 138
71 131
30 71
15 85
105 149
17 68
57 61
87 134
34 100
59 107
69 82
29 81
7 59
39 96
14 141
79 102
67 143
43 51
89 126
63 132
56 121
82 132
60 78
12 107
104 121
3 96
92 145
41 117
102 109
51 128
23 108
12 16
34 98
18 112
82 91
23 134
69 121
24 115
52 115
81 105
23 24
53 107
64 123
0 16
47 94
36 38
54 58
38 107
30 127
85 124
17 30
18 108
67 74
77 115
97 138
87 92
49 125
61 127
5 67
8 148
19 26
59 102
111 124
19 85
4 44
98 145
68 81
56 104
4 88
5 40
25 40
11 67
46 83
37 68
32 139
27 102
82 98
76 88
20 45
6 131
80 128
88 92
95 147
2 148
32 118
128 144
36 148
3 51
32 141
11 138
6 55
7 109
35 86
40 96
35 81
44 66
105 122
45 114
46 49
51 125
125 137
91 126
21 40
65 127
95 138
76 143
33 99
64 72
22 110
63 93
26 107
25 71
13 95
86 118
119 133
34 147
69 147
13 135
8 103
128 134
20 21
6 15
3 111
33 137
18 60
77 110
67 104
79 127
50 66
39 62
21 96
35 69
51 61
91 130
5 41
48 94
17 77
58 108
126 133
88 105
22 137
18 140
19 34
82 136
16 63
41 74
22 48
2 109
98 122
59 69
76 116
34 83
76 122
24 65
68 103
9 132
19 84
136 144
10 15
13 48
69 94
128 132
21 147
12 37
28 41
2 95
63 127
11 23
35 128
88 149
0 3
6 10
27 66
10 92
50 131
67 87
1 134
88 127
5 30
59 142
58 63
34 142
11 24
35 133
46 82
6 147
43 48
36 55
5 95
91 98
20 98
5 133
3 9
56 145
141 144
82 123
9 93
5 14
55 87
47 117
22 95
1 129
25 36
23 39
67 116
1 10
46 139
22 132
78 79
37 76
65 147
32 44
19 38
44 82
26 103
87 139
97 144
77 114
90 128
29 68
7 20
21 133
26 122
111 133
23 40
63 64
3 47
48 91
105 116
57 127
12 21
38 95
65 89
108 109
63 68
12 127
12 143
75 109
10 123
54 120
42 78
77 113
23 106
79 107
23 126
0 76
75 110
32 133
62 145
36 136
101 110
19 23
13 55
11 100
9 142
48 112
113 122
1 146
39 81
96 122
16 37
14 41
29 121
28 63
65 104
8 100
130 143
104 128
16 41
35 112
9 140
91 137
28 56
96 125
24 35
74 83
4 40
28 61
20 67
45 103
53 145
59 138
21 69
109 110
81 82
48 144
39 145
53 57
12 81
2 138
32 135
67 93
80 124
5 36
75 104
4 118
12 88
79 141
35 78
10 50
67 79
9 139
56 132
6 148
106 116
23 128
81 99
102 123
92 136
8 92
1 36
60 145
64 75
27 91
7 140
83 141
6 28
89 135
56 76
42 107
31 101
41 48
26 136
13 104
93 140
81 89
45 108
48 149
55 113
4 63
29 144
26 148
2 141
38 82
57 148
66 100
21 137
11 48
50 139
33 83
66 76
58 89
84 118
7 41
54 70
18 39
13 17
3 73
24 34
2 132
74 75
18 129
26 123
23 90
83 149
42 48
15 145
80 143
53 118
23 107
27 77
99 146
51 98
94 138
30 41
28 62
22 133
42 81
7 88
24 109
69 88
108 143
2 20
121 142
45 109
13 128
36 70
71 106
0 40
34 60
97 132
45 105
110 143
24 95
22 109
123 143
74 103
142 143
49 67
86 102
109 117
8 63
32 112
28 65
100 118
37 142
33 49
22 104
54 89
33 136
33 98
112 129
5 100
2 46
2 75
25 50
24 68
94 136
51 136
14 61
51 95
25 116
26 49
94 139
36 48
71 94
39 76
38 88
42 68
20 86
6 52
25 65
137 149
120 134
43 129
72 75
86 98
7 66
10 143
3 77
8 114
9 130
6 105
37 138
1 97
38 72
4 126
47 138
96 145
127 143
53 92
39 73
4 86
50 109
66 96
42 147
51 64
3 127
36 57
41 133
22 53
115 130
27 79
75 130
78 110
19 37
2 47
23 27
101 134
38 51
57 118
23 29
113 124
24 71
85 128
144 145
119 137
25 49
56 136
25 82
53 83
57 99
59 111
8 91
25 147
40 80
0 98
5 125
94 105
40 85
123 138
24 61
31 120
52 53
6 145
46 66
14 104
111 135
34 99
55 93
1 52
20 103
99 147
105 127
49 57
74 100
8 105
79 96
4 131
64 138
46 79
93 100
57 146
61 99
12 113
36 51
47 130
99 114
100 101
24 145
21 113
73 88
100 149
18 143
4 129
13 110
11 22
41 123
41 119
15 115
38 98
24 27
25 91
108 130
9 56
15 98
0 83
78 90
3 24
68 79
40 77
104 120
74 77
16 78
13 44
5 92
0 93
24 104
66 120
28 147
27 139
2 14
61 100
40 100
67 83
28 103
134 144
13 103
141 145
32 69
11 89
24 90
44 128
76 102
46 148
51 146
95 143
53 76
32 132
11 60
30 139
61 134
82 106
45 95
14 135
39 59
77 103
47 97
42 92
48 103
7 82
49 101
35 149
16 130
33 69
20 41
36 92
114 136
67 142
54 108
85 116
82 143
85 131
92 149
37 95
24 77
12 144
36 43
27 65
92 102
13 45
13 67
29 94
65 125
42 139
56 91
17 137
35 142
10 73
55 71
94 117
28 145
31 54
5 91
131 132
97 116
60 93
9 119
15 108
23 110
68 120
138 145
93 99
63 85
18 115
76 107
43 105
2 121
7 12
62 115
108 146
40 91
57 115
25 142
61 82
36 140
125 126
14 89
9 39
40 110
3 61
12 67
14 20
10 25
36 145
16 68
26 64
21 114
34 66
80 145
42 114
64 79
35 73
2 136
110 122
29 40
95 96
36 74
27 71
64 129
52 104
9 134
29 85
29 82
39 106
52 81
96 110
84 104
5 117
128 143
107 120
0 17
8 121
16 94
83 137
11 29
51 117
107 111
33 130
106 109
67 105
71 107
2 96
21 23
22 71
15 75
23 103
14 29
66 134
29 101
67 91
55 102
107 108
66 69
7 97
61 76
52 120
48 60
111 134
34 55
15 39
27 44
21 54
76 135
5 83
28 109
111 144
23 91
76 144
93 109
40 86
105 123
15 134
73 105
25 130
73 130
88 135
91 134
21 146
33 59
5 131
18 82
13 134
22 138
71 97
50 133
26 127
31 57
16 102
0 59
1 14
145 149
60 116
108 111
8 35
85 143
44 56
61 66
64 98
79 82
67 139
16 149
53 144
83 105
15 104
59 141
7 87
49 100
70 79
35 94
54 115
49 109
8 93
23 51
81 119
1 53
58 85
15 96
65 144
39 66
43 138
15 94
1 125
52 71
47 84
41 61
89 93
29 76
69 112
116 119
37 63
1 122
94 141
79 129
113 149
85 135
67 125
64 122
64 130
22 145
6 78
4 49
51 73
22 85
27 107
26 77
2 115
6 132
6 50
136 143
6 110
10 144
59 85
4 52
22 70
10 88
101 124
77 92
68 113
71 75
11 129
119 134
41 54
21 99
9 148
16 17
33 105
24 125
4 141
28 96
7 90
107 149
6 109
29 127
5 60
0 33
136 148
33 34
14 100
34 68
36 45
83 109
85 138
5 32
48 106
0 112
136 140
51 119
81 97
39 57
21 91
94 127
86 87
58 135
7 75
41 94
96 139
88 111
101 140
19 94
45 72
0 26
101 122
70 74
58 119
80 122
29 62
30 69
17 29
125 127
67 124
54 85
5 140
36 110
48 78
27 67
45 138
3 52
44 52
4 47
79 89
87 105
27 34
53 58
9 144
74 79
14 17
6 44
33 70
140 146
14 103
27 52
63 78
27 47
139 144
43 83
12 100
11 113
11 115
90 92
1 92
1 126
76 93
5 44
2 106
36 141
53 78
77 99
30 58
121 143
26 131
47 125
106 119
0 75
97 131
58 82
41 50
26 110
15 51
92 135
6 38
134 145
31 69
74 87
74 139
121 140
25 33
2 116
119 128
31 38
57 147
67 112
60 66
85 140
107 131
103 105
41 116
34 76
31 45
72 73
84 120
8 53
36 63
93 106
138 142
25 54
4 119
6 114
64 145
37 115
63 73
98 134
31 146
24 78
19 123
57 125
101 125
76 131
92 116
9 74
115 123
131 142
25 67
10 149
26 142
106 145
77 84
122 124
60 89
41 145
19 115
20 68
73 100
48 99
0 123
77 123
6 149
56 58
75 90
58 145
97 117
83 86
131 147
21 100
13 148
122 144
42 148
51 58
44 126
8 15
40 84
64 71
19 124
58 116
4 71
18 40
28 119
70 85
11 90
78 146
19 108
48 117
70 75
20 42
115 137
22 25
59 145
15 147
1 89
61 85
52 73
2 40
35 63
16 104
19 137
4 37
39 136
22 27
26 102
63 99
7 110
74 76
68 117
31 125
97 100
43 89
79 110
39 113
65 134
41 75
48 63
22 117
1 136
78 103
66 79
64 91
22 37
30 134
12 63
0 80
48 148
26 134
8 57
25 143
50 149
78 147
32 124
2 142
101 142
13 16
51 81
29 53
15 68
27 82
7 130
18 76
26 80
50 64
35 141
12 26
11 43
65 95
13 27
53 97
76 136
68 135
81 137
145 146
82 118
75 113
7 101
14 37
40 133
33 67
97 109
45 74
53 114
6 47
72 114
43 47
64 89
59 131
40 62
44 111
11 84
8 135
61 125
45 123
44 129
48 137
101 133
11 87
45 112
44 133
63 114
23 92
0 117
42 136
13 37
14 123
7 24
56 68
6 141
14 40
53 131
11 44
20 35
52 134
23 52
59 83
62 88
57 74
25 59
92 93
2 105
102 141
20 84
3 58
8 145
23 35
87 144
110 132
2 108
106 139
43 104
36 68
17 122
89 132
86 97
57 143
128 149
23 144
66 92
18 53
82 127
59 70
59 139
24 94
122 135
7 80
12 138
29 131
70 109
103 127
79 95
22 116
10 108
132 139
57 131
61 116
58 59
112 120
50 92
77 149
114 149
45 144
67 71
1 114
34 53
5 10
15 58
5 113
47 82
1 15
40 75
72 100
62 149
33 140
121 145
51 67
19 101
61 72
113 128
49 133
123 125
25 48
8 12
42 79
7 16
125 148
103 136
77 107
25 57
92 125
107 139
77 112
3 74
62 120
37 124
124 142
73 90
56 94
55 147
14 96
118 139
83 121
91 110
127 135
52 106
139 148
32 55
37 93
9 57
50 61
49 81
4 16
4 36
5 24
65 99
8 140
62 129
31 83
61 101
17 141
26 68
0 39
90 149
32 144
31 47
40 140
27 133
26 130
31 60
38 57
89 122
12 13
53 90
1 61
20 126
68 129
45 120
32 140
96 138
23 47
7 19
25 129
144 148
91 113
33 132
43 126
28 130
37 143
65 149
50 98
61 105
7 26
41 97
11 126
84 148
64 133
71 122
1 104
34 93
82 83
76 87
0 136
26 62
33 72
22 69
138 141
14 21
53 66
70 115
6 87
11 95
23 30
23 65
3 75
67 86
56 125
26 56
12 95
6 95
36 95
26 109
69 138
48 76
82 135
36 124
82 101
85 87
9 62
2 18
54 123
15 76
1 106
29 135
63 142
52 146
120 136
74 102
16 98
27 127
79 86
63 121
15 106
22 125
60 135
15 17
46 54
8 95
19 36
31 107
0 138
19 47
17 130
42 51
90 134
15 67
134 148
21 126
52 132
61 112
38 94
5 58
137 147
85 92
42 123
51 85
16 31
1 148
133 148
124 139
13 62
38 110
23 31
34 50
53 103
2 92
3 38
16 106
57 110
38 40
16 103
98 141
75 148
71 76
81 101
18 145
20 39
72 91
96 142
48 49
40 72
29 34
19 73
61 126
70 101
59 61
134 143
50 124
2 37
87 130
1 111
36 89
20 119
25 45
7 61
28 93
60 123
6 101
4 102
54 125
99 136
11 69
18 80
49 64
46 140
60 92
19 118
58 79
135 139
19 53
1 44
9 128
87 148
43 74
14 62
88 110
23 148
33 75
21 89
74 93
21 144
10 70
59 78
14 42
11 31
104 140
22 83
7 142
30 105
26 100
101 111
52 105
5 137
17 42
75 77
41 104
50 141
85 111
15 35
0 15
27 100
71 120
80 95
22 60
75 131
127 138
95 141
58 76
5 112
44 116
8 137
76 83
39 118
17 107
66 70
129 145
57 85
106 141
11 76
124 137
41 106
100 133
48 71
94 122
23 113
28 52
58 97
81 103
40 105
97 119
5 124
35 108
34 108
28 36
18 118
104 117
12 108
131 145
37 126
89 124
35 50
54 149
23 125
68 88
58 99
118 147
137 146
99 138
57 130
43 57
78 124
35 39
21 32
42 73
20 111
25 123
110 146
25 87
95 134
138 144
48 74
82 104
82 149
125 131
0 1
17 87
0 147
21 139
4 28
95 133
129 131
23 70
26 126
34 106
65 116
74 122
3 89
59 63
62 106
4 11
15 111
50 113
49 90
127 132
23 130
7 126
6 142
11 142
24 76
15 142
23 34
68 145
94 147
12 97
53 106
9 113
138 147
37 125
65 83
14 65
81 93
36 49
83 138
73 77
59 109
103 126
82 85
47 59
54 72
29 67
7 103
11 111
119 136
10 136
5 51
38 61
42 67
35 129
2 83
10 142
22 106
53 140
75 124
48 70
20 70
38 54
16 33
48 147
36 116
0 96
59 64
3 120
34 74
52 144
16 62
105 107
47 132
12 30
68 136
85 99
46 91
31 100
5 121
72 125
55 129
58 64
46 55
3 106
5 48
68 126
65 121
4 121
96 124
36 111
6 135
14 52
64 147
95 117
123 145
43 90
42 99
92 126
65 77
80 137
71 78
20 23
47 57
86 134
29 129
56 73
64 108
16 119
99 132
106 131
5 97
102 140
94 146
35 56
60 73
5 11
25 107
71 84
55 122
41 113
6 31
46 141
52 58
64 100
16 116
87 113
143 145
33 102
29 32
85 90
48 139
138 148
21 70
71 89
64 96
77 139
131 139
34 89
48 119
61 79
110 114
103 128
72 95
86 100
102 148
45 65
74 111
63 94
10 38
6 64
33 125
66 95
59 93
57 78
17 36
90 122
75 108
101 137
94 140
8 85
10 19
88 142
71 115
64 118
79 136
51 149
133 149
10 71
44 144
52 102
6 72
63 90
130 146
66 140
119 145
79 124
46 146
8 28
98 116
18 107
67 108
58 132
92 113
10 39
65 100
8 129
64 148
112 123
3 82
40 76
37 135
25 46
5 19
134 149
3 121
19 92
62 109
30 123
13 88
34 38
18 19
112 140
112 149
11 63
55 97
11 12
12 75
105 112
33 53
49 115
35 98
115 117
2 38
21 95
71 111
45 130
72 97
16 80
32 58
24 124
62 67
72 139
3 49
79 106
17 70
113 134
67 70
69 134
15 22
17 75
43 98
23 72
50 69
24 147
44 98
56 72
14 95
48 83
61 77
73 129
58 138
19 133
63 111
50 112
58 86
96 115
59 136
113 114
27 39
66 71
122 140
103 133
1 128
11 134
77 108
81 94
26 42
30 144
0 41
54 105
124 144
12 38
63 138
8 54
66 133
31 94
8 125
45 80
34 119
42 62
39 87
96 135
3 26
8 119
10 97
91 138
57 97
70 147
2 11
120 123
121 125
7 139
26 87
21 56
75 84
47 109
1 62
27 61
39 115
99 105
20 24
11 86
97 104
28 83
26 140
22 141
35 51
12 96
62 75
118 137
95 115
73 143
14 81
60 129
47 62
77 91
9 26
119 135
2 65
28 46
17 100
67 111
73 121
108 112
90 148
29 78
31 50
86 117
8 117
36 108
82 96
13 18
34 143
116 128
48 107
43 55
39 68
21 102
41 85
36 101
1 29
2 52
81 112
39 123
39 137
13 149
55 143
61 96
14 149
30 143
75 118
37 134
15 52
3 110
114 131
83 92
60 120
85 98
38 118
63 118
57 87
111 149
86 131
61 64
137 148
5 146
78 99
63 141
16 18
104 110
48 95
98 131
1 81
114 116
137 139
23 93
84 109
27 147
29 98
69 143
94 103
0 23
79 112
26 82
7 133
93 102
6 12
5 29
118 124
22 54
7 98
26 85
30 117
26 45
116 145
0 11
26 69
16 73
35 136
60 67
7 147
45 141
17 49
65 122
42 116
47 114
32 42
128 140
6 30
91 135
54 91
35 45
22 142
66 115
33 74
30 73
31 78
41 125
24 142
65 132
78 83
69 129
14 30
38 76
35 40
118 120
8 42
13 121
95 129
91 146
77 88
17 46
61 135
32 146
69 77
41 62
35 106
125 138
58 96
4 26
117 146
40 104
117 136
79 111
30 129
69 80
112 131
53 72
22 103
56 103
1 108
10 16
7 39
17 63
24 135
11 108
24 43
82 138
86 96
114 125
92 121
38 108
78 119
70 91
81 126
73 99
71 145
63 91
2 102
47 133
57 66
82 92
91 128
25 106
16 134
102 116
47 127
18 25
115 122
40 116
64 65
126 141
16 25
54 113
64 86
70 123
26 101
6 116
58 121
3 7
129 138
62 112
105 128
50 88
8 73
2 81
37 94
12 142
69 110
31 56
20 56
111 131
61 143
1 56
46 85
127 136
47 110
102 146
0 45
5 22
39 131
12 74
42 77
79 120
53 98
85 117
42 86
38 114
9 12
17 41
37 82
11 104
8 122
122 128
16 108
100 111
104 129
56 126
14 39
32 115
93 116
2 72
24 126
76 126
10 31
76 86
10 57
3 99
47 126
18 58
2 119
1 77
32 116
29 65
38 45
67 99
34 77
67 129
86 116
7 104
85 96
69 114
3 93
37 49
12 68
2 36
66 137
2 146
38 59
66 107
41 44
40 146
123 135
66 88
25 63
31 55
101 113
38 53
27 37
33 120
33 142
25 99
27 55
48 114
59 71
114 140
65 91
36 132
8 45
39 126
0 125
2 137
46 120
49 117
107 124
49 54
36 54
0 104
48 97
22 92
37 141
10 37
3 70
37 132
44 149
109 115
2 66
21 123
7 69
83 98
75 88
44 100
67 107
12 102
105 129
45 124
20 76
61 65
41 148
19 27
40 47
10 45
78 135
10 111
13 146
2 88
21 118
8 80
65 108
57 104
64 104
105 137
24 66
80 142
50 136
20 90
76 121
1 19
107 126
75 119
58 100
71 103
23 146
12 122
34 78
22 75
54 146
62 93
8 99
2 9
11 122
88 126
9 54
13 101
116 142
31 148
45 116
59 118
70 144
77 131
58 126
61 114
54 68
83 111
62 138
21 135
28 95
49 56
75 126
89 112
68 142
7 100
9 118
9 43
43 94
43 146
120 126
87 132
0 13
76 125
39 54
63 145
16 79
85 139
124 149
22 129
30 125
59 140
54 71
25 102
118 123
28 134
14 130
15 50
87 111
85 146
9 117
31 48
117 124
1 59
104 126
12 114
8 29
106 114
77 116
2 63
70 105
49 118
5 135
99 125
124 134
3 129
10 138
15 66
46 133
1 95
25 117
6 42
111 113
51 133
0 129
40 132
39 40
51 147
21 86
25 144
72 143
68 76
53 99
13 64
76 120
75 91
138 140
115 135
58 111
73 103
143 146
86 92
72 136
34 122
32 126
56 116
94 106
10 134
78 137
126 144
15 21
62 90
87 89
17 22
53 73
17 125
106 138
17 93
2 31
108 132
5 82
23 41
7 35
52 125
46 70
39 142
102 106
42 115
48 104
75 143
19 125
117 141
34 110
45 125
118 143
57 105
89 114
63 102
10 89
0 48
1 87
9 97
66 87
24 31
61 90
96 113
108 149
75 137
57 106
118 130
88 95
39 134
81 132
22 34
5 47
36 131
22 23
85 129
41 73
50 118
57 88
1 27
2 77
33 138
68 111
93 121
120 148
84 117
25 108
13 118
12 126
70 132
75 107
43 118
24 82
38 113
14 67
52 84
11 45
9 127
39 44
16 111
33 86
54 102
48 86
32 78
40 145
3 12
67 103
97 149
9 133
44 72
82 105
47 87
49 61
32 92
19 39
85 91
84 138
115 144
24 48
132 143
35 68
78 129
35 66
93 147
60 76
64 128
36 112
67 130
48 59
81 107
71 119
107 127
122 126
51 108
98 109
11 71
31 35
21 94
19 122
121 149
111 118
10 80
34 49
14 45
10 86
52 133
18 136
70 128
63 119
6 23
126 146
69 139
78 97
15 59
57 133
104 105
106 147
21 34
43 131
84 128
56 61
43 52
94 98
57 142
56 144
70 111
141 148
9 122
34 131
43 64
41 45
24 62
55 99
107 148
12 90
107 113
141 147
26 115
73 108
15 74
40 117
64 74
75 112
38 81
46 149
51 130
87 128
44 93
54 80
31 51
67 132
84 90
18 130
7 86
16 122
72 89
110 117
33 87
66 112
38 75
79 130
5 65
24 50
40 45
4 14
42 130
22 78
34 113
44 94
68 134
80 133
17 54
14 146
73 149
13 77
26 76
100 131
64 80
15 90
44 112
37 144
32 119
38 73
53 94
82 103
72 140
112 139
72 146
88 145
18 95
41 141
3 44
95 121
32 91
102 134
32 147
26 146
20 92
69 132
99 142
47 143
23 133
0 62
21 58
29 126
79 139
124 146
59 105
2 74
81 106
50 94
22 134
28 48
52 75
12 86
37 58
33 85
26 70
37 62
80 132
0 65
29 93
98 136
14 138
34 103
38 139
108 141
68 105
77 129
38 84
29 61
51 70
15 27
47 134
67 94
62 127
30 40
106 126
58 75
18 90
39 116
110 137
77 133
64 84
4 105
10 119
118 127
46 78
20 31
26 93
8 128
50 70
12 82
30 104
88 106
124 133
1 4
34 129
131 144
70 142
53 79
67 73
14 115
46 103
41 144
27 130
15 19
64 66
48 121
63 131
17 78
15 47
106 118
26 52
86 139
83 134
79 145
67 82
140 149
40 122
49 84
57 132
56 85
76 98
2 76
21 72
105 148
73 110
72 118
119 126
47 65
17 109
36 121
22 101
20 118
54 118
104 131
71 117
69 116
9 65
39 128
84 91
12 101
74 132
48 93
28 136
54 144
36 52
22 82
1 102
34 45
117 133
27 140
9 63
106 133
31 144
14 105
98 113
70 83
2 61
50 55
90 130
87 118
72 79
37 100
70 131
3 53
103 111
7 95
60 72
38 58
52 135
0 31
48 142
100 146
110 118
31 79
78 98
90 115
13 29
94 115
41 121
85 94
24 131
13 23
38 66
100 147
112 134
15 79
26 54
108 139
119 138
56 100
40 83
26 66
74 113
5 138
27 123
40 69
70 143
52 130
52 65
38 89
2 86
2 110
31 96
2 43
118 133
11 20
90 125
131 143
100 121
55 120
5 110
29 64
16 145
2 90
46 138
54 147
100 116
132 138
3 33
80 107
59 125
7 108
61 123
112 121
105 114
20 115
31 68
5 54
25 145
13 102
53 81
118 138
50 114
55 79
86 94
26 37
67 122
38 117
13 33
50 119
96 103
93 145
62 116
5 103
29 105
3 17
38 127
30 130
17 140
79 125
16 75
65 102
3 65
36 53
54 114
60 88
66 129
38 143
31 106
77 137
47 147
6 128
32 74
13 130
68 106
0 143
61 118
97 112
43 66
36 91
40 142
62 144
14 74
17 51
65 70
49 69
34 139
27 49
11 97
28 45
80 110
32 99
42 98
1 80
112 125
141 142
41 105
25 34
67 127
109 133
40 115
99 118
20 63
61 124
74 97
15 72
123 129
89 119
42 145
99 140
108 129
30 110
28 39
24 36
38 70
62 72
6 130
132 148
73 93
49 102
97 141
41 78
35 54
10 130
86 143
39 71
14 126
25 121
95 98
27 90
0 135
32 109
98 102
35 134
14 64
57 138
90 99
17 81
3 142
23 80
6 76
38 43
75 80
30 96
81 131
67 77
14 50
47 96
80 126
51 121
4 17
13 96
17 23
102 138
82 141
80 86
9 83
92 95
33 122
40 129
60 94
41 128
45 66
67 146
26 143
23 87
42 96
49 83
59 98
1 145
97 118
17 97
119 127
79 138
14 125
37 102
86 107
36 126
80 144
116 120
130 142
18 52
29 56
8 88
63 115
56 109
15 129
18 142
28 132
17 112
44 123
58 123
99 130
45 55
61 94
62 86
22 119
50 83
118 146
75 100
133 136
30 126
22 40
35 84
15 97
47 118
12 25
113 126
74 130
98 135
6 94
62 123
21 52
73 82
51 112
10 55
28 144
17 132
54 128
16 85
38 42
53 125
3 46
25 66
117 134
39 60
128 141
120 131
100 107
81 140
110 113
55 118
13 76
10 22
30 36
2 44
31 114
65 72
31 129
90 136
102 125
60 130
78 127
30 95
18 134
15 80
2 101
47 54
39 86
36 88
11 121
55 111
50 115
70 80
93 117
12 31
86 113
58 60
75 81
114 118
107 137
71 93
37 130
35 148
80 91
21 22
29 44
19 59
109 138
59 115
29 146
61 137
126 147
93 132
45 86
78 116
5 134
57 72
114 119
17 116
40 92
27 116
28 128
28 75
71 86
35 143
35 96
117 121
135 142
89 110
47 67
53 143
47 124
24 136
44 49
13 34
42 132
7 14
32 114
4 7
27 76
98 139
102 122
45 131
34 94
3 92
62 92
7 118
111 145
2 111
92 103
37 121
67 131
20 116
57 137
37 78
38 122
2 69
28 74
14 38
21 120
62 66
18 50
22 45
5 116
40 56
110 124
88 139
4 82
135 144
63 92
52 131
36 127
96 144
46 86
31 85
113 120
15 132
1 82
37 103
130 132
10 60
61 120
34 51
10 127
16 24
33 63
15 84
41 140
18 106
95 137
4 135
78 148
17 146
20 113
4 75
99 120
61 132
24 41
112 147
26 111
15 124
71 141
37 65
32 81
32 90
58 66
128 138
52 69
38 41
22 93
42 63
23 44
44 140
26 125
39 98
136 138
21 141
63 140
5 86
11 18
27 54
31 93
24 132
21 136
69 142
35 115
11 26
5 93
103 129
38 149
17 80
38 39
23 97
49 80
127 145
83 113
75 133
10 32
52 66
17 95
54 62
10 56
50 142
41 124
99 135
55 136
55 88
108 126
55 135
93 94
36 86
73 75
138 143
64 115
76 109
14 86
37 106
43 139
59 110
57 80
20 131
21 47
3 81
46 147
33 48
37 131
26 61
4 29
101 144
59 91
70 71
81 108
103 106
122 132
16 110
56 93
5 63
28 57
117 148
48 84
83 97
62 82
105 113
70 136
48 105
25 39
24 59
99 143
4 97
102 103
19 114
20 53
96 107
124 132
70 96
16 56
83 139
53 54
140 143
110 131
21 28
73 87
1 6
37 114
70 98
12 47
76 112
65 96
91 147
40 112
62 143
13 112
11 50
55 149
67 149
97 115
5 72
42 61
73 104
75 111
33 111
14 54
69 74
20 58
18 30
2 7
69 98
29 122
44 119
66 98
17 131
15 65
18 77
57 95
27 38
108 138
68 144
36 128
105 124
101 136
11 42
31 76
8 78
19 25
91 108
66 124
26 117
30 122
22 63
0 119
18 57
59 134
1 143
1 120
83 106
7 74
115 140
7 22
72 120
3 68
22 91
1 13
18 74
19 49
67 115
30 98
78 107
38 138
38 103
3 35
10 104
46 100
58 140
25 60
34 138
65 97
47 75
48 69
87 145
10 137
46 114
30 44
78 122
3 98
91 116
5 105
7 73
21 84
4 38
27 92
98 112
28 38
17 76
7 91
53 77
49 104
105 109
37 81
100 128
53 68
91 122
13 58
9 60
83 115
130 133
0 61
5 31
10 98
136 142
1 90
40 87
63 65
66 93
7 11
131 141
51 105
51 127
4 99
28 30
12 40
109 132
70 76
44 104
7 36
80 102
52 56
89 129
11 99
85 115
83 89
87 109
57 77
74 135
47 146
14 116
116 148
61 102
66 104
123 128
103 104
51 65
28 32
88 101
103 121
44 124
4 107
24 63
31 80
50 73
60 98
9 32
42 53
60 81
110 130
12 105
43 107
9 14
97 103
11 40
19 72
3 42
34 136
85 118
78 123
21 82
1 49
120 147
55 86
33 39
60 149
0 88
137 142
94 148
49 98
5 87
69 135
34 47
3 54
71 80
64 73
85 127
98 133
39 121
13 20
8 113
74 108
41 53
94 123
75 85
127 141
51 62
56 67
40 130
22 146
108 133
3 43
121 136
12 58
101 117
14 99
5 26
49 130
66 148
0 121
71 82
19 56
44 80
44 50
55 96
67 78
66 106
108 142
24 116
2 25
36 60
46 102
83 127
95 124
119 147
43 133
20 49
42 125
147 148
50 127
79 88
7 56
37 147
84 134
105 119
69 145
69 130
52 85
7 29
65 79
4 149
40 61
117 135
26 41
94 112
0 116
80 89
18 121
29 77
43 144
33 62
14 98
16 53
74 105
81 124
81 86
0 79
4 92
105 142
53 139
61 108
101 131
106 136
31 34
49 112
115 146
8 144
77 96
48 118
126 129
104 139
19 76
44 61
62 78
137 138
111 141
64 114
49 110
23 118
3 102
76 115
143 147
3 16
26 116
41 143
13 85
7 44
22 51
64 81
28 135
77 93
59 92
34 57
78 145
3 100
24 72
6 104
3 37
41 129
56 131
23 124
33 35
4 34
4 113
81 136
8 141
93 144
33 41
1 72
74 90
77 119
116 147
71 118
22 107
85 106
67 76
145 147
103 125
5 39
16 70
33 56
68 125
75 86
77 109
21 79
41 59
19 99
119 146
11 58
90 147
89 96
96 126
5 143
2 89
17 61
117 123
89 101
14 71
70 88
2 55
53 136
20 44
120 121
3 13
43 88
5 43
58 102
108 123
16 93
12 22
89 131
44 74
100 102
16 131
87 119
79 100
72 127
10 61
24 128
20 48
38 68
13 124
31 86
115 136
84 143
52 127
23 46
60 70
49 59
32 108
21 104
4 25
81 149
90 133
16 124
10 145
71 108
3 56
53 127
20 43
20 22
79 80
91 136
65 131
16 50
93 122
21 145
1 55
88 90
27 108
8 64
0 94
30 136
18 144
129 133
87 107
36 117
3 59
25 43
62 63
80 113
65 148
82 122
48 123
136 145
65 141
131 133
111 126
37 127
58 68
1 101
21 140
56 70
64 77
53 147
38 80
38 105
129 136
52 124
40 82
100 142
35 123
2 94
54 99
86 135
104 109
36 41
47 140
10 106
120 138
100 137
126 145
93 115
61 148
36 144
7 77
28 90
83 99
146 148
18 88
7 27
66 144
84 103
47 70
7 122
55 77
87 133
130 135
119 130
30 103
42 89
64 83
97 110
45 59
51 83
19 78
10 68
5 109
16 49
12 57
4 134
41 127
11 125
38 92
8 50
54 96
13 147
83 132
19 136
112 124
60 133
122 137
22 130
4 94
127 146
71 109
21 59
134 142
33 131
93 139
80 88
5 78
82 124
124 147
0 77
63 66
116 117
73 96
77 117
32 43
38 46
41 72
7 141
43 82
27 114
1 107
10 17
4 21
87 121
105 106
128 131
55 127
103 108
118 142
42 144
42 66
13 26
80 147
50 87
72 76
24 130
17 128
65 145
54 93
21 125
37 59
135 148
20 64
26 59
44 64
4 45
1 121
3 21
4 140
1 130
37 83
32 49
84 102
107 112
55 141
100 124
0 89
50 145
0 139
16 97
14 120
26 74
29 134
92 97
18 99
21 46
4 59
61 139
37 107
7 32
34 107
22 36
134 146
80 99
2 30
69 97
13 70
95 106
37 99
37 47
72 88
34 42
42 112
91 149
9 55
2 98
5 52
16 123
0 55
37 42
94 113
55 128
65 115
80 90
10 118
27 63
85 147
23 49
44 65
106 140
89 139
18 137
90 140
82 131
43 95
14 51
114 147
24 40
75 95
26 88
65 140
25 76
23 132
44 96
26 121
77 83
19 68
98 118
14 107
1 40
60 140
1 54
4 104
92 117
83 108
39 67
8 89
49 107
4 114
12 148
73 91
67 140
13 53
21 65
83 107
113 147
64 112
119 120
30 50
97 121
79 85
6 49
23 56
55 89
29 114
14 56
1 118
55 81
69 149
1 71
37 69
19 131
25 119
29 147
6 74
58 118
83 124
21 127
40 70
7 50
35 135
40 81
81 90
4 60
19 107
25 104
83 119
53 117
7 129
69 126
55 145
88 114
45 53
73 89
124 129
10 44
65 139
27 145
30 82
0 25
47 145
61 131
19 33
70 107
54 69
4 100
72 135
69 71
24 26
118 131
93 127
144 146
36 47
12 14
27 142
13 138
100 103
7 31
55 137
34 118
20 77
36 104
54 86
9 135
81 98
7 134
19 112
45 54
36 120
2 48
36 82
55 92
17 83
41 101
49 75
69 70
110 139
9 80
15 121
34 127
69 86
125 136
29 88
33 89
8 36
93 118
76 85
13 125
80 105
10 128
114 135
49 120
73 139
23 42
110 116
72 98
44 125
58 122
21 50
16 113
3 91
19 52
5 90
75 78
19 32
38 78
101 130
70 84
4 103
89 130
10 120
96 112
43 68
27 136
98 101
17 103
43 117
85 121
121 130
40 66
19 148
97 142
24 107
57 107
66 73
109 121
81 134
50 56
39 84
84 145
7 65
58 105
41 110
24 141
89 121
49 146
4 31
30 68
112 119
47 120
14 110
58 65
8 132
6 125
39 72
45 104
0 14
87 102
53 134
47 136
77 87
94 142
108 145
25 62
29 145
29 124
27 59
41 135
48 130
38 96
148 149
62 139
109 131
92 98
74 133
82 130
123 149
27 125
33 115
20 72
121 148
102 149
2 144
10 43
4 147
4 62
104 144
17 67
27 88
37 84
26 51
63 136
55 125
40 114
27 81
14 129
47 139
34 35
27 93
102 120
65 142
99 148
72 110
53 91
6 17
19 88
68 99
52 92
2 124
39 91
77 145
70 92
21 87
26 129
39 94
69 76
40 113
14 114
94 143
3 145
12 55
87 123
75 94
64 90
88 130
29 31
73 78
6 80
41 137
8 49
71 83
25 80
1 37
127 148
20 91
14 70
50 91
1 142
6 143
3 83
3 25
50 71
84 116
90 129
80 134
21 77
31 58
48 53
59 96
14 92
0 113
30 80
18 86
33 78
87 90
84 131
23 60
42 80
19 43
27 46
44 73
72 93
59 132
18 66
23 48
126 135
106 134
35 44
78 139
23 102
26 138
39 61
77 138
78 108
50 111
50 67
6 19
3 143
19 62
143 148
24 79
7 42
74 110
39 48
105 132
80 96
40 79
9 71
123 147
72 109
79 132
119 141
65 90
123 131
96 104
10 64
34 126
46 47
17 39
2 67
23 25
12 18
130 139
4 122
28 86
25 110
111 115
74 107
72 96
64 85
7 89
34 115
22 147
18 28
27 118
5 7
37 67
67 118
75 127
13 21
28 54
3 20
2 54
139 146
4 84
114 137
44 118
23 45
1 60
42 105
50 58
72 145
91 140
80 85
93 95
70 119
30 149
60 90
1 109
71 121
88 98
102 130
51 134
31 88
89 123
57 121
15 87
78 142
44 102
38 131
4 144
13 131
28 87
35 121
2 13
5 108
58 148
32 93
91 121
16 40
98 148
21 27
67 134
91 145
27 119
62 74
38 120
2 39
8 39
11 49
23 74
12 130
47 107
51 114
55 94
101 139
3 95
51 148
29 86
33 52
28 148
22 111
43 76
120 139
2 42
10 122
71 149
4 98
21 39
139 143
11 105
31 91
14 145
45 107
63 124
78 89
41 147
33 106
113 144
7 135
37 61
35 58
69 106
116 143
20 136
98 146
8 90
112 115
8 96
52 117
26 94
50 110
70 138
7 138
31 104
37 123
91 94
10 54
30 121
48 125
28 60
104 130
32 148
63 130
26 84
107 115
28 84
59 87
17 64
52 100
2 85
107 118
22 113
39 56
102 133
10 74
33 97
60 82
84 89
19 105
97 101
85 132
108 148
23 142
74 86
19 20
76 123
55 134
87 104
20 36
102 139
31 149
28 43
30 77
47 51
15 135
38 48
36 107
15 138
24 138
57 123
40 143
43 149
128 147
20 38
68 90
70 149
66 121
73 74
76 137
61 149
14 68
77 106
102 118
34 116
132 142
47 66
59 108
72 138
106 122
30 55
3 84
96 99
25 100
52 101
126 140
41 118
9 59
103 138
30 93
65 71
41 52
142 147
32 128
11 146
65 135
104 135
79 149
30 48
78 106
39 146
1 48
111 138
27 105
10 52
95 102
12 147
33 145
17 138
97 127
78 149
1 24
18 26
58 112
27 124
24 42
86 124
53 137
69 87
19 54
57 79
9 64
63 146
21 132
49 94
89 141
23 67
20 146
108 122
34 123
74 80
26 133
47 141
28 55
6 68
84 137
63 95
103 114
22 131
30 128
74 142
84 114
40 46
50 74
99 133
113 140
46 122
130 147
7 68
0 12
21 81
29 83
2 134
52 140
57 129
21 55
8 26
42 110
34 117
35 53
28 47
57 145
73 147
82 134
36 133
0 124
16 76
39 74
35 83
31 108
37 87
80 100
44 97
59 65
22 98
28 94
10 117
49 73
85 97
43 80
0 8
8 136
66 74
31 98
23 37
68 101
80 92
29 109
61 97
8 16
19 110
114 146
61 86
49 97
38 134
85 89
5 21
21 62
12 116
12 70
127 129
22 56
97 136
13 47
69 125
23 75
46 76
17 35
58 95
9 95
86 104
79 133
77 120
24 75
96 121
46 145
7 72
43 102
7 57
79 143
61 122
20 74
135 137
0 38
37 40
15 31
79 105
52 76
126 142
26 81
4 145
17 27
19 63
83 129
33 44
116 123
28 127
1 2
1 113
81 117
95 127
47 90
21 63
30 66
54 63
56 87
94 107
12 135
0 111
59 133
5 145
91 103
31 81
8 87
60 146
13 75
12 106
66 82
66 83
1 65
56 148
112 117
67 100
84 144
31 110
34 133
82 99
72 119
3 48
25 73
22 124
54 126
35 60
29 141
7 63
36 99
21 134
12 24
22 31
70 103
48 141
104 111
53 141
72 111
3 104
59 82
37 39
67 144
22 77
40 97
0 141
111 130
53 55
140 147
11 30
92 127
54 81
55 114
40 147
28 124
11 143
16 91
94 97
20 137
14 73
85 93
13 28
51 79
22 58
108 117
29 54
93 128
117 118
41 122
51 63
8 127
122 141
78 92
128 129
0 133
49 51
56 134
1 3
17 82
12 145
36 46
47 98
22 24
47 78
119 125
79 91
44 58
9 24
54 59
51 89
9 44
66 78
27 94
98 147
96 128
32 134
1 68
18 56
36 71
32 39
15 117
92 107
136 146
35 144
28 100
6 90
17 139
7 125
74 115
74 118
44 62
45 76
63 72
71 133
5 148
103 143
48 108
92 146
0 95
49 71
40 124
82 112
59 76
11 53
3 64
45 82
2 16
7 53
103 145
138 146
124 135
58 84
58 93
35 65
74 82
21 78
70 145
84 135
35 116
5 149
50 121
116 129
91 133
128 146
27 72
37 111
73 107
20 26
2 133
18 65
55 90
115 128
76 139
13 106
45 121
80 101
73 126
27 121
8 84
14 28
29 71
20 78
30 132
1 93
1 141
42 141
73 131
52 93
56 62
83 91
108 131
120 122
91 114
12 146
32 129
128 135
5 123
2 22
15 144
82 100
2 57
17 90
7 76
107 138
40 42
13 40
32 117
45 137
69 95
8 86
23 109
113 145
46 84
44 127
101 102
123 124
99 134
38 125
67 141
100 123
36 115
37 71
82 108
23 116
13 143
17 88
68 78
37 117
55 109
101 114
66 119
98 127
120 140
137 141
55 91
108 121
76 128
13 105
59 103
63 88
63 122
14 18
28 37
69 128
19 116
124 136
77 85
42 138
92 122
9 147
85 88
20 97
39 65
17 145
77 78
63 89
3 5
6 79
1 43
60 138
27 109
116 124
40 144
25 141
8 139
39 92
9 35
57 98
31 126
35 110
23 136
24 51
31 63
59 95
62 70
41 77
7 15
47 89
58 107
20 79
44 121
86 108
1 91
39 51
23 78
9 61
32 121
9 68
35 74
5 55
14 87
2 122
11 109
9 45
22 96
140 145
73 132
16 51
47 113
93 107
54 119
70 77
56 146
59 90
81 145
13 36
16 87
80 87
80 140
5 147
12 60
33 58
58 147
15 127
85 112
5 107
3 94
115 143
0 130
39 127
93 123
92 130
70 134
141 149
126 128
82 110
88 117
106 128
74 147
38 145
22 148
42 47
44 95
20 37
79 87
10 59
13 137
74 117
9 79
5 101
113 136
122 148
6 83
72 105
46 137
72 107
89 140
138 149
104 127
9 112
111 119
20 93
93 101
68 119
56 86
6 71
32 120
12 76
51 100
106 142
17 21
50 89
40 103
96 147
108 144
37 66
43 109
69 137
67 120
103 144
55 57
46 63
109 111
60 113
84 105
87 129
30 88
13 119
45 106
31 64
77 82
53 132
57 102
23 38
60 61
37 46
29 35
92 134
21 107
53 87
1 17
49 55
43 50
45 111
4 78
30 31
105 136
3 32
36 103
18 83
96 123
50 80
12 17
40 141
92 147
34 52
25 103
24 92
25 105
17 117
49 66
0 73
29 119
62 98
36 123
29 63
63 71
20 120
42 113
29 120
13 74
54 77
26 135
58 101
30 70
26 43
74 92
34 120
29 33
60 85
90 143
46 124
46 113
75 142
45 48
17 65
48 81
68 130
9 53
33 73
61 113
81 85
119 123
13 32
48 67
45 96
65 133
46 87
62 77
106 125
65 129
27 85
85 105
98 128
10 46
56 114
52 109
28 66
75 122
90 119
15 53
21 26
115 132
80 146
123 132
39 135
17 28
30 39
31 131
30 49
35 132
4 39
13 71
104 123
19 89
27 62
92 148
86 114
43 123
4 67
93 129
109 119
96 141
3 72
141 143
47 83
51 88
42 45
53 149
88 136
35 62
6 85
131 146
58 72
10 69
49 135
41 65
71 123
81 91
9 81
50 63
120 132
2 149
58 127
39 143
82 97
76 141
34 101
57 120
7 107
107 147
46 135
10 105
32 76
10 18
1 63
122 143
97 122
76 149
67 128
10 83
52 67
83 120
117 143
24 67
11 85
53 59
1 78
21 83
17 52
15 23
68 80
37 90
11 127
64 142
64 127
83 103
30 74
0 97
44 86
2 56
106 108
118 128
101 145
37 64
85 104
6 34
47 148
54 132
17 66
89 149
10 28
76 129
77 141
108 136
19 60
11 38
56 65
88 118
60 141
77 143
102 147
37 41
20 143
56 77
30 43
49 140
84 93
31 135
94 104
101 128
69 91
12 104
43 69
19 100
23 135
121 126
84 86
68 70
34 39
24 45
26 53
71 144
64 137
70 140
118 119
61 84
18 69
112 135
56 142
77 121
79 84
107 132
32 47
26 106
63 67
104 116
5 111
24 58
46 110
101 121
54 107
45 79
25 37
10 114
123 139
109 127
66 141
23 89
19 95
45 68
101 143
21 76
22 74
14 140
82 144
52 103
44 54
14 78
41 138
74 144
50 144
126 143
0 46
51 118
88 132
32 143
53 65
64 109
12 119
58 125
91 127
69 111
139 142
73 109
6 92
74 123
37 55
120 130
32 75
3 139
69 108
118 149
44 83
1 41
33 54
57 69
84 122
65 123
20 33
79 147
110 147
112 141
60 86
55 65
94 100
83 131
27 132
18 146
23 61
5 88
3 57
34 148
111 125
85 133
105 131
28 76
44 143
62 122
90 102
5 85
1 131
48 120
67 148
15 54
85 144
32 142
6 43
5 73
96 134
112 116
49 142
40 89
1 84
9 50
117 149
32 100
98 117
33 129
61 68
33 119
81 88
3 114
6 103
77 125
33 91
25 112
41 89
39 112
3 36
31 143
105 115
25 132
5 64
114 134
45 97
24 137
74 104
86 125
80 111
120 135
78 105
20 60
62 134
34 44
52 142
49 123
113 123
8 134
123 133
100 126
43 63
9 108
6 62
6 57
17 50
67 89
32 125
29 57
4 74
109 142
2 35
63 103
133 135
102 115
39 109
54 73
50 138
122 136
1 70
111 132
13 14
96 111
17 20
117 122
20 130
114 145
32 123
64 103
81 109
74 137
45 88
72 115
12 89
34 40
22 105
104 132
12 94
94 125
70 125
9 104
5 144
9 37
108 125
37 43
0 114
3 118
52 54
33 139
83 84
7 128
78 113
9 47
22 108
52 129
23 129
36 58
25 44
2 117
34 135
20 121
3 115
68 132
4 112
33 77
89 113
25 35
52 116
28 131
21 71
78 80
26 86
2 58
33 148
38 50
81 133
104 107
106 124
8 74
68 102
10 103
0 86
5 35
81 148
26 63
38 79
85 145
43 148
10 35
102 104
96 127
1 5
29 113
78 134
49 74
90 116
13 15
16 77
28 44
93 110
50 93
19 143
43 97
83 85
38 99
126 138
13 90
15 102
64 132
35 92
45 73
61 104
84 92
4 12
15 61
43 108
23 137
48 116
33 143
89 103
6 40
48 58
31 41
99 119
15 29
5 16
51 66
44 67
20 141
2 113
31 103
28 110
11 61
60 121
96 132
126 127
14 26
36 50
85 130
12 32
54 135
51 111
39 64
38 100
26 39
92 123
43 136
19 104
6 140
92 131
28 104
56 80
69 105
15 128
24 60
17 32
30 94
58 80
85 107
41 46
33 114
4 115
46 56
81 142
64 125
36 84
0 35
0 10
64 139
120 129
95 131
46 67
5 139
7 46
126 137
101 123
56 66
112 136
92 128
9 66
62 136
110 123
28 81
7 119
109 112
29 58
17 136
9 85
32 62
59 79
47 95
59 80
9 21
29 79
18 89
68 127
2 78
3 117
55 72
32 127
17 26
71 146
55 68
98 106
22 67
27 36
42 135
65 109
52 94
101 112
14 31
42 140
33 92
58 83
48 66
39 104
8 110
33 76
76 97
49 50
61 138
17 113
4 64
46 51
26 89
58 130
51 92
17 120
142 145
9 41
7 149
87 94
58 69
41 60
54 137
124 145
58 117
6 39
37 109
29 117
59 137
4 61
14 24
25 56
67 98
99 149
2 87
76 119
123 130
0 71
34 134
102 129
59 84
104 112
88 140
25 42
112 113
58 124
14 94
123 146
69 127
78 118
116 139
3 122
109 136
113 125
0 100
13 142
42 82
7 92
42 76
17 114
97 124
72 84
100 143
53 123
72 102
13 132
25 149
60 109
39 52
73 138
64 117
120 144
81 116
102 108
51 109
98 149
27 95
71 105
2 26
10 14
20 140
22 65
80 135
121 137
77 79
68 97
46 92
88 138
21 43
19 67
23 71
67 113
15 71
57 67
107 128
82 140
46 52
1 51
9 91
8 138
32 101
90 117
6 120
78 85
8 21
106 120
27 135
1 135
40 63
91 144
36 65
31 74
55 112
10 101
50 146
56 128
96 98
6 86
13 93
6 13
61 147
45 93
15 141
118 145
6 65
84 127
0 43
4 137
35 147
54 87
88 109
48 143
56 118
116 133
80 136
90 97
9 84
36 97
43 93
23 139
13 42
105 110
33 61
4 6
2 143
128 148
54 145
37 145
58 74
0 56
21 131
34 71
29 123
23 55
12 20
10 125
52 137
94 111
111 123
48 79
19 102
95 125
76 117
54 88
81 83
13 24
2 114
1 26
23 68
16 118
4 30
116 126
72 130
48 80
115 149
73 76
30 62
62 110
43 96
69 78
6 97
39 140
40 119
80 103
37 118
49 87
11 41
3 137
49 88
46 142
91 139
13 100
30 81
79 134
42 142
36 72
53 120
7 136
8 18
50 52
61 103
133 141
46 144
87 100
18 109
68 109
125 146
5 34
100 144
26 114
22 35
28 122
24 53
14 76
17 92
79 148
5 37
12 43
90 100
35 91
33 144
52 60
10 53
87 137
8 22
64 141
59 116
6 9
44 103
55 148
87 116
21 130
44 48
137 143
5 77
64 78
32 96
99 108
37 148
130 131
20 101
17 48
43 141
28 112
6 123
68 83
21 48
74 94
46 81
26 96
96 119
64 121
66 123
21 122
81 100
12 23
13 123
3 90
51 60
62 131
43 147
115 139
0 81
21 138
1 46
38 85
42 58
76 84
83 96
52 61
12 140
88 125
113 127
92 142
73 102
62 91
26 124
29 84
100 108
102 127
68 95
62 119
19 79
69 144
22 26
32 77
2 112
109 130
40 101
68 72
24 123
36 76
27 41
2 97
25 134
87 117
19 96
22 30
9 111
91 100
66 72
143 144
73 136
51 107
39 93
87 112
76 96
18 54
13 56
18 27
87 140
13 80
93 135
129 142
72 117
55 64
5 38
43 116
17 115
50 54
16 135
35 109
97 111
1 124
51 106
17 89
98 120
84 112
32 67
31 116
43 120
19 106
49 116
32 94
15 133
19 29
25 96
47 50
15 109
91 101
31 32
26 95
60 97
26 108
90 127
13 46
139 145
3 147
28 129
83 112
60 75
44 91
114 148
119 140
28 118
74 101
72 124
97 134
12 134
87 142
14 72
3 119
37 80
66 126
17 110
77 97
69 104
38 63
135 149
4 130
57 122
50 57
82 84
97 105
33 134
23 88
82 87
8 66
28 138
8 142
11 78
18 48
1 140
21 142
33 100
38 130
90 131
98 130
84 146
57 119
97 108
17 94
36 42
85 148
3 34
68 116
134 139
53 104
6 51
56 106
47 74
5 49
25 28
84 140
110 112
61 119
123 141
14 69
102 126
66 147
10 126
10 121
53 130
15 101
94 118
39 125
83 148
46 131
25 86
52 107
69 83
23 95
19 70
48 50
114 142
2 128
84 96
20 65
37 53
7 84
52 86
54 117
18 117
1 123
100 135
18 124
46 64
29 102
124 148
5 15
28 69
5 122
29 112
62 76
6 20
24 140
47 137
13 94
11 94
25 146
107 134
28 89
66 132
6 98
62 128
115 148
121 123
88 89
66 139
94 95
46 112
67 97
34 111
11 52
34 112
46 97
45 113
104 136
81 102
7 132
86 122
33 121
108 120
95 99
71 73
4 109
9 10
16 129
65 103
13 97
34 63
45 69
20 125
133 145
6 134
64 76
74 85
1 69
15 43
40 107
75 145
54 121
32 37
25 135
75 144
59 89
40 111
2 127
9 137
76 92
49 53
8 44
125 128
128 145
21 68
26 30
55 73
115 141
20 135
10 135
46 94
50 134
25 27
38 69
47 111
41 69
76 146
46 58
91 141
98 142
71 95
62 147
78 117
125 133
73 144
65 93
46 98
35 38
37 112
35 52
38 129
25 122
67 85
36 94
55 105
110 128
3 97
20 104
53 112
8 51
9 126
57 124
12 136
113 137
34 91
96 106
6 21
31 147
54 111
64 69
49 72
63 96
100 117
94 96
81 110
39 90
56 139
6 81
117 131
7 137
34 84
86 119
98 108
120 145
29 128
29 149
79 123
13 49
86 128
51 56
50 59
64 134
113 141
127 149
31 73
0 69
74 141
27 144
74 98
116 132
48 135
45 148
4 138
115 131
66 142
60 91
63 84
51 94
17 101
46 125
14 133
109 122
28 125
84 126
34 67
124 125
34 145
73 113
17 31
7 45
70 102
52 128
2 84
91 142
24 133
27 86
93 98
23 43
19 149
83 125
14 118
23 121
62 114
75 79
8 14
32 35
5 57
38 91
7 143
14 32
17 18
59 112
92 138
0 118
16 143
73 79
32 82
41 49
71 134
15 82
25 69
0 47
105 144
0 131
68 108
112 148
21 61
18 139
66 75
100 140
53 102
127 128
101 132
28 117
135 138
90 91
92 144
51 82
95 149
43 79
3 88
31 37
58 81
76 79
92 94
18 78
43 113
84 121
66 103
4 69
32 98
34 124
11 124
13 116
36 40
35 139
4 110
14 19
63 86
63 105
21 38
65 113
31 65
22 135
23 111
94 110
9 78
124 143
30 72
67 147
116 138
63 148
0 32
52 91
6 58
2 145
59 67
5 129
99 101
113 121
22 76
55 115
14 148
44 141
99 127
115 116
4 72
4 22
62 140
27 57
93 119
97 145
58 67
56 64
14 147
9 73
4 13
8 146
42 94
53 84
21 36
30 54
42 57
63 79
7 117
10 20
60 142
4 89
35 130
11 118
20 96
82 119
82 88
18 51
9 131
111 114
56 122
4 9
38 106
63 147
50 126
44 78
52 123
25 128
35 131
132 145
2 49
5 25
64 146
25 55
30 145
122 145
43 100
87 91
29 75
25 95
36 62
11 28
67 102
29 48
80 98
66 138
5 80
95 122
117 127
14 142
56 123
43 110
131 135
35 82
34 149
0 53
82 95
23 63
84 100
16 45
41 80
46 129
65 126
86 145
89 104
69 102
47 56
1 116
38 124
76 127
17 102
32 106
78 136
66 86
10 116
12 132
82 137
47 77
67 101
56 79
25 89
21 42
49 86
80 106
61 136
24 85
38 74
71 140
59 106
20 87
43 86
14 88
51 55
3 146
34 144
73 94
118 148
83 146
75 96
112 130
16 30
8 47
106 123
20 46
78 109
72 121
72 106
8 65
117 119
15 78
53 71
0 67
89 145
34 132
20 83
17 69
116 127
29 143
5 46
28 82
2 104
65 118
89 136
16 60
38 97
89 125
63 123
53 148
25 148
35 104
48 87
27 40
37 139
50 100
82 114
79 101
72 92
72 112
2 27
17 85
40 108
59 121
14 60
122 127
70 146
52 138
73 128
56 75
98 123
47 103
52 90
5 27
123 136
89 137
56 63
83 140
22 52
52 136
2 130
52 55
13 25
57 117
49 138
85 119
1 105
92 141
14 97
17 99
13 31
86 140
57 71
58 88
14 75
51 86
1 16
41 108
27 31
39 80
37 79
25 85
123 127
60 136
46 69
22 29
86 137
62 108
11 79
0 22
47 149
52 149
9 52
2 50
36 87
70 87
75 114
129 143
29 110
94 135
20 69
9 27
68 139
95 110
90 112
101 103
16 137
9 38
52 118
43 135
125 132
42 104
96 120
42 59
10 81
39 85
14 112
93 114
66 80
65 66
7 102
46 117
9 98
20 55
122 130
98 100
30 75
123 142
43 121
14 77
32 52
97 140
15 60
82 139
75 106
1 42
14 85
36 137
49 137
82 142
115 119
33 116
35 93
20 110
5 84
12 15
103 112
43 99
16 59
8 124
47 85
68 149
16 82
89 133
44 45
19 24
97 133
106 149
27 128
21 116
38 146
36 69
65 81
36 118
10 133
26 113
50 108
131 134
16 28
3 8
46 95
56 111
76 99
58 115
69 118
24 143
94 120
20 139
0 30
8 34
16 114
11 17
10 110
23 147
29 97
44 109
99 131
28 91
48 122
53 96
10 109
26 91
1 83
133 144
66 102
100 127
46 126
121 128
38 67
0 134
40 135
21 93
17 123
122 123
78 132
60 131
1 98
16 46
102 112
7 21
76 132
51 102
88 134
29 46
84 87
66 128
31 59
64 94
16 125
18 45
65 117
12 124
110 149
99 126
57 82
11 114
94 137
51 110
60 96
50 120
99 115
25 78
41 79
67 145
15 86
16 96
19 142
20 47
22 143
106 135
69 120
47 64
7 33
103 141
88 94
8 108
39 149
115 127
44 106
60 127
62 118
31 90
86 141
16 55
102 121
66 90
52 148
108 128
88 103
91 112
110 133
128 130
111 117
63 128
73 118
93 112
12 79
23 54
37 89
61 70
86 129
70 114
86 99
88 113
9 48
14 109
91 92
75 115
3 14
109 114
42 117
33 94
98 104
95 101
2 24
58 98
59 130
133 140
87 110
30 87
94 133
39 88
98 119
20 142
84 119
88 115
143 149
11 120
24 149
37 97
92 96
74 126
109 140
72 142
98 140
89 127
94 134
32 85
102 144
56 98
52 111
16 109
4 123
100 115
17 129
127 130
88 119
20 106
12 71
31 134
75 83
102 107
43 124
117 132
109 149
48 115
7 18
78 102
23 127
51 143
55 67
41 98
12 121
19 146
113 115
125 144
57 139
50 117
63 149
20 148
90 145
42 85
37 129
9 49
47 52
110 134
2 79
48 128
55 70
67 80
84 88
137 140
9 87
56 115
86 115
55 62
72 90
77 136
86 112
96 131
30 91
132 135
32 53
9 136
17 45
65 86
84 99
27 138
22 28
6 24
13 81
1 74
42 137
67 123
7 60
83 136
29 106
82 129
7 23
9 109
30 42
43 77
25 139
75 123
48 54
66 130
68 77
53 110
44 90
8 31
38 126
10 33
26 75
78 126
71 124
103 146
19 50
36 119
3 22
38 137
34 140
102 113
96 101
128 139
139 147
78 130
121 146
26 46
93 111
16 138
43 112
31 139
14 131
33 37
52 82
5 17
12 69
60 117
111 142
26 60
44 134
70 133
26 28
79 81
56 89
45 126
69 115
64 120
3 62
11 47
75 135
20 62
93 141
7 99
19 65
75 146
34 102
74 131
79 90
23 143
65 143
36 66
48 129
37 57
59 122
42 69
32 97
