100
0 1 2 3 4 5 6 7 8 9 10 11 12 13 14 15 16 17 18 19 20 21 22 23 24 25 26 27 28 29 30 31 32 33 34 35 36 37 38 39 40 41 42 43 44 45 46 47 48 49 50 51 52 53 54 55 56 57 58 59 60 61 62 63 64 65 66 67 68 69 70 71 72 73 74 75 76 77 78 79 80 81 82 83 84 85 86 87 88 89 90 91 92 93 94 95 96 97 98 99 
2970
40 47
12 81
47 69
67 88
28 35
4 83
7 42
50 80
1 67
53 97
53 64
64 80
3 71
40 99
74 98
42 83
15 52
12 85
6 71
36 76
17 46
33 50
4 35
26 96
12 76
22 58
39 60
18 77
68 88
76 83
39 88
9 67
76 86
26 33
39 42
48 96
89 90
13 74
37 94
44 81
0 67
7 8
41 71
69 78
41 81
39 56
1 9
70 91
53 85
2 76
13 73
14 31
80 85
73 98
86 88
2 8
15 22
15 77
29 36
47 72
3 97
3 99
1 44
49 99
66 76
7 76
7 53
0 34
16 99
19 84
0 26
8 26
7 46
18 27
32 69
4 49
5 63
21 48
2 61
14 34
12 84
13 77
13 27
32 90
35 49
0 45
37 99
36 81
74 85
33 53
25 56
18 57
31 88
56 74
20 66
5 76
23 95
26 57
31 58
9 63
5 57
24 76
45 52
10 89
23 44
39 57
58 80
57 60
6 66
57 79
22 54
0 49
0 62
5 27
57 77
0 68
43 73
7 23
56 59
11 74
60 76
89 91
52 58
8 44
31 64
56 99
15 84
43 90
36 93
43 51
24 37
8 27
23 63
43 97
79 92
13 45
10 68
69 72
24 47
21 51
48 75
79 97
55 99
8 14
20 62
50 97
57 91
12 92
54 80
23 36
52 86
30 77
31 41
81 93
34 79
1 64
57 89
25 71
88 92
45 86
19 76
1 38
21 26
43 56
14 65
7 81
2 82
8 15
4 29
58 67
24 77
78 93
26 90
50 60
21 25
87 97
29 79
20 89
25 93
3 92
36 41
36 98
3 56
66 83
45 49
14 57
1 24
66 78
36 62
53 77
20 47
93 94
36 44
74 94
46 59
92 97
0 71
7 40
6 93
64 82
9 56
23 94
0 61
72 87
33 76
62 78
20 75
16 65
49 58
46 70
56 73
12 93
20 51
2 85
11 66
71 92
4 18
0 46
11 72
21 79
29 32
15 31
10 54
0 84
27 81
18 23
46 58
41 80
53 99
6 34
24 74
70 94
25 45
74 88
9 17
23 48
6 79
4 92
21 99
48 60
4 66
37 52
37 74
55 74
5 32
19 30
34 88
42 87
39 41
50 90
23 39
9 50
7 95
65 81
35 67
12 96
16 38
5 28
66 90
13 91
26 79
71 94
41 95
43 55
14 73
7 13
30 66
17 86
51 66
22 68
57 86
0 96
3 80
11 25
52 91
17 49
30 49
29 49
55 97
28 59
11 35
35 72
32 63
9 92
3 27
12 61
20 29
38 92
35 68
44 67
60 97
51 96
9 72
36 79
41 45
19 89
11 44
24 86
10 50
65 70
33 64
69 83
6 24
22 64
15 90
53 74
47 54
53 57
23 60
23 79
82 89
5 34
56 86
18 34
74 80
16 83
17 76
32 74
19 68
26 93
23 27
62 80
4 68
14 42
71 72
33 45
53 72
36 95
43 88
71 97
7 73
2 54
13 97
36 91
2 9
4 26
40 85
20 54
14 77
31 47
33 93
47 78
44 77
85 89
64 81
12 51
43 94
25 32
63 64
22 30
65 85
31 98
47 88
40 93
37 68
75 82
33 52
51 80
74 82
43 57
49 91
34 99
13 94
77 88
22 37
47 92
57 70
35 63
3 10
8 56
17 99
7 16
28 62
34 49
52 68
58 79
8 94
5 39
34 83
28 94
38 98
14 30
65 93
22 49
73 80
3 20
5 16
1 74
20 63
30 79
6 8
0 17
70 71
26 89
9 43
9 45
2 58
9 60
31 48
43 65
20 50
44 91
0 56
39 72
25 72
87 94
61 70
9 35
24 25
22 81
74 76
93 96
29 73
11 51
26 74
3 46
78 94
66 96
21 89
40 55
29 41
28 60
63 74
69 79
27 37
41 97
35 75
0 97
46 95
55 92
43 61
5 56
3 4
17 57
5 73
54 75
15 25
26 71
4 98
76 89
15 69
32 91
5 11
64 90
64 84
37 38
36 61
3 35
6 49
60 93
5 30
76 99
33 95
28 43
18 41
9 64
10 45
12 29
43 64
46 85
23 46
27 29
22 39
16 41
11 79
84 96
27 91
27 75
75 92
11 86
8 55
61 95
3 15
2 77
26 91
16 98
2 48
29 89
53 83
10 71
72 86
25 48
40 79
2 80
47 76
95 99
24 49
90 98
16 22
37 61
81 92
18 64
44 89
12 47
89 97
16 20
42 50
14 76
70 75
52 88
59 96
26 63
26 54
14 60
66 91
52 76
55 76
3 16
28 37
30 80
52 99
2 68
11 54
45 66
72 79
16 74
12 36
9 44
2 32
11 28
48 88
8 88
1 22
30 63
24 39
25 78
48 82
4 31
45 82
46 76
18 30
51 99
73 99
11 55
9 18
55 65
34 92
7 45
19 99
28 44
24 70
0 82
24 68
55 80
21 80
19 34
1 61
2 59
14 58
32 78
40 68
46 84
17 26
11 20
4 75
45 73
17 62
66 69
35 59
62 85
27 99
9 38
3 77
35 60
31 36
8 66
45 63
34 40
8 86
30 53
57 72
8 58
21 54
18 44
57 83
34 66
14 29
40 95
13 57
44 90
6 44
41 65
0 76
23 76
18 85
78 95
26 81
16 72
73 82
1 46
33 80
33 63
56 57
59 85
50 77
28 90
38 56
74 89
32 49
2 24
83 88
46 93
57 80
38 46
17 18
30 52
47 71
20 31
70 92
7 64
39 87
38 89
45 56
71 84
61 69
4 67
12 27
42 82
32 40
52 94
63 81
43 91
65 80
37 54
50 66
62 66
38 91
62 68
58 68
13 52
67 86
23 93
19 59
23 34
82 90
7 9
4 61
0 15
81 94
17 98
8 57
60 62
48 67
49 50
71 77
89 96
29 97
63 77
82 91
16 46
59 95
78 92
17 78
72 80
17 97
15 57
3 70
46 73
58 76
80 92
31 33
26 66
27 93
20 77
9 16
49 76
36 39
29 65
25 38
13 66
5 68
4 36
31 66
76 81
27 92
83 93
7 25
33 46
20 49
28 73
52 98
35 47
79 82
40 67
85 95
7 24
53 81
20 96
16 60
27 46
9 79
5 31
3 39
33 38
29 99
59 82
12 87
2 41
1 23
5 71
12 82
78 84
31 89
70 83
43 69
31 59
9 42
1 15
27 34
33 44
23 74
2 11
27 42
28 39
27 89
11 26
23 96
0 9
5 6
4 52
42 80
41 53
5 91
35 66
13 69
67 84
51 75
13 79
0 63
2 83
29 48
11 85
60 83
58 97
51 98
8 65
73 84
37 70
39 96
63 93
9 83
18 95
38 76
41 66
21 96
13 30
60 89
0 89
80 97
23 55
52 84
52 80
20 26
60 81
12 41
3 72
47 57
54 86
0 99
25 42
35 77
74 95
0 37
1 12
1 77
52 60
3 7
83 91
51 62
32 67
37 40
2 49
43 87
54 74
52 73
11 78
4 41
9 49
28 91
7 14
37 53
35 93
25 39
36 77
14 44
15 16
84 92
60 61
55 73
26 75
19 54
13 26
34 91
75 99
48 84
64 91
25 68
2 19
14 26
53 86
26 84
45 55
30 51
19 81
73 79
20 24
35 45
30 96
60 84
17 63
43 58
1 43
22 53
7 70
21 59
11 36
48 50
65 97
63 84
38 43
17 72
60 92
17 67
69 88
28 48
50 88
7 28
38 40
21 95
19 73
3 65
56 95
38 41
22 35
59 61
74 81
33 71
9 75
2 87
10 85
6 76
35 84
2 51
48 71
9 10
83 99
42 95
24 83
34 54
23 58
42 71
33 43
58 83
3 93
33 55
27 59
14 16
19 44
13 19
28 80
25 52
32 44
63 68
15 21
39 89
67 71
3 76
19 98
5 19
36 66
24 42
20 95
18 92
68 96
21 56
25 47
68 82
59 71
33 39
2 65
54 93
0 29
3 38
1 54
1 87
4 94
95 96
41 52
65 88
54 99
49 74
55 79
60 71
6 91
12 58
62 82
58 69
5 52
14 66
49 89
32 53
5 21
11 19
21 57
46 60
7 67
61 98
31 87
41 94
6 85
1 52
7 71
43 46
61 66
17 52
29 91
61 90
64 76
36 60
27 54
51 68
17 47
15 53
12 38
19 83
65 82
51 77
9 71
48 63
35 83
3 50
33 99
85 97
83 94
8 16
4 48
29 98
24 30
7 55
74 91
5 24
6 62
1 39
73 93
6 46
31 50
24 89
51 88
6 48
40 71
21 41
41 42
22 90
8 78
22 51
71 83
2 25
6 29
19 86
21 45
82 95
51 84
31 62
56 96
36 90
10 97
66 86
26 73
1 78
12 59
25 44
86 93
81 89
39 51
5 14
15 87
8 64
6 19
24 28
10 70
2 95
29 39
33 83
82 99
54 98
44 57
28 45
57 96
8 19
73 90
21 50
4 14
2 89
42 73
46 83
1 50
50 68
8 45
17 43
10 66
34 52
48 99
3 78
0 27
38 96
37 75
2 63
50 89
29 76
9 22
23 35
91 95
10 23
42 44
83 89
5 41
26 35
50 96
27 62
1 16
1 4
52 66
11 46
6 82
48 83
57 88
61 83
30 54
75 87
47 52
47 94
25 79
27 35
2 66
81 99
37 66
64 68
36 43
31 79
68 99
86 87
79 89
32 48
31 44
49 52
75 79
68 77
37 45
17 36
8 54
30 95
13 96
91 92
46 69
66 87
65 83
64 97
65 74
56 87
5 81
88 95
12 23
6 99
22 38
79 95
20 99
26 72
7 59
26 38
26 37
4 17
52 57
3 67
62 76
5 50
34 81
0 31
5 25
60 68
10 74
24 73
10 93
3 11
9 84
4 60
37 90
26 92
51 81
41 73
46 78
30 99
21 52
20 57
34 59
61 92
43 52
94 96
12 45
39 76
30 75
25 70
21 70
60 96
28 53
1 98
21 65
6 89
69 73
0 73
5 44
19 51
44 63
17 54
3 61
84 86
15 66
36 83
12 62
68 74
42 81
74 77
41 89
46 61
81 98
33 86
34 93
37 60
29 46
72 84
40 70
47 70
59 81
32 34
8 72
38 84
0 39
9 90
47 80
7 47
34 75
6 7
12 44
77 87
3 64
64 78
19 29
44 87
57 87
1 36
50 81
43 85
45 92
35 39
70 98
5 95
10 48
13 67
22 33
26 55
9 41
69 70
8 21
31 43
6 15
66 88
68 72
31 53
51 74
39 91
29 83
5 18
7 52
1 58
13 46
85 90
73 86
76 97
24 85
6 86
9 20
37 85
23 67
77 82
28 38
9 80
51 63
69 75
44 61
4 16
25 30
59 91
5 89
24 65
9 88
54 96
9 81
25 57
26 27
40 51
63 75
4 99
53 78
10 69
72 85
1 13
34 41
66 67
7 51
42 92
11 48
22 74
10 60
43 93
8 40
57 61
56 91
0 51
13 80
11 91
28 68
25 99
68 91
30 62
12 90
25 40
44 96
41 86
41 75
0 35
11 68
51 91
14 85
65 96
18 89
49 51
22 32
6 36
29 68
61 75
18 67
78 83
9 54
36 50
55 56
7 41
9 59
57 59
26 94
15 41
34 63
12 68
0 75
40 73
30 73
2 52
2 22
30 67
3 43
3 25
48 78
13 92
52 83
23 82
22 88
27 28
87 98
71 88
28 70
19 33
29 95
42 84
80 99
42 94
22 95
37 48
3 89
33 82
11 30
37 56
31 78
0 50
18 98
22 67
47 74
60 70
33 92
3 63
13 61
21 39
42 67
17 56
44 72
36 71
17 35
61 77
36 38
3 94
26 44
33 70
33 62
0 16
42 45
20 76
84 98
36 48
66 79
30 58
17 37
9 13
6 56
74 86
15 35
5 55
3 95
15 56
29 53
64 83
53 82
85 99
51 83
17 23
39 70
23 78
7 90
21 68
29 70
31 67
51 65
2 94
44 68
50 59
8 73
64 89
10 13
71 89
43 49
36 64
79 80
15 78
2 81
6 83
41 57
8 85
82 88
64 77
34 58
41 49
54 90
43 89
52 75
71 98
7 30
61 85
4 88
62 90
24 33
66 93
19 95
18 90
24 92
14 79
23 37
61 68
87 91
30 35
72 75
54 88
88 98
19 74
11 87
33 81
10 58
52 62
20 67
15 27
20 92
63 66
13 87
58 82
0 74
41 50
7 39
16 61
20 32
7 65
5 33
17 40
80 96
26 60
64 94
19 77
66 70
15 67
53 61
8 53
37 89
40 58
45 78
37 83
18 28
1 69
48 57
8 10
12 13
2 18
75 90
22 40
39 82
1 51
73 89
94 95
9 19
22 44
63 71
79 98
61 63
33 35
66 98
4 43
20 88
2 93
30 71
11 61
0 95
54 65
28 56
53 73
33 67
56 92
8 97
33 42
27 47
29 72
7 80
76 98
41 91
21 64
25 28
34 80
14 27
1 65
1 8
55 90
17 87
18 46
42 53
67 80
5 69
91 97
31 37
45 97
43 77
49 65
50 83
61 62
65 98
17 32
62 88
10 73
13 59
0 58
27 60
9 21
45 94
21 58
18 43
5 92
6 25
11 29
80 94
10 24
27 65
72 99
26 76
48 64
12 89
7 29
42 58
35 85
27 36
20 35
50 57
28 63
18 42
32 84
34 56
15 54
35 74
32 36
24 87
42 74
22 29
26 59
72 88
47 67
20 93
57 71
45 51
3 73
38 85
27 55
8 52
11 38
68 87
52 78
22 25
83 92
19 75
67 73
31 96
50 78
46 71
79 86
7 48
30 82
64 69
12 97
10 31
30 65
38 48
86 98
8 29
67 69
20 68
57 90
40 76
2 64
34 70
48 77
30 94
5 62
59 89
80 83
35 53
13 32
28 76
32 87
27 77
59 93
10 67
11 88
4 56
73 87
7 72
97 99
47 95
61 96
40 48
27 63
19 55
41 60
10 84
41 74
9 52
75 88
94 97
36 84
5 80
33 48
1 81
64 88
10 75
9 47
17 45
22 31
4 28
2 99
45 65
54 83
39 81
47 56
22 76
59 78
0 33
33 49
22 24
2 34
14 78
14 18
41 67
7 74
33 57
63 91
43 75
19 22
57 97
31 85
79 94
1 28
59 66
53 98
61 76
35 64
30 44
4 34
36 75
19 28
81 87
19 69
49 90
85 87
9 36
46 65
71 93
47 99
26 32
69 71
23 69
4 73
32 96
12 77
17 73
0 44
0 2
6 16
39 73
38 69
5 20
40 98
17 88
16 87
10 57
52 92
23 83
30 31
42 55
5 8
29 45
3 34
10 82
27 41
28 67
41 92
43 45
19 41
45 79
4 38
85 88
40 97
70 85
37 51
4 50
21 72
76 87
49 55
46 66
9 99
49 82
49 59
20 72
91 99
56 70
2 84
25 90
11 89
42 97
3 24
60 91
7 86
35 37
8 59
34 72
52 71
25 83
42 98
16 55
1 40
62 73
73 76
19 20
35 97
5 79
18 97
49 72
59 65
3 30
57 81
12 20
14 69
18 88
82 85
32 43
3 40
4 47
44 93
54 73
7 89
15 65
32 98
0 64
15 17
51 55
45 57
45 77
20 36
49 84
55 66
57 58
5 74
0 43
57 69
20 80
82 98
18 50
39 45
57 68
52 81
27 82
57 94
16 58
68 81
8 51
19 32
74 79
22 63
90 94
50 71
13 23
11 32
44 59
0 48
25 61
3 81
11 45
21 23
56 71
20 85
13 16
50 69
28 84
22 98
19 60
55 70
17 38
67 72
18 52
31 75
79 93
47 91
21 53
54 58
17 42
11 14
19 96
59 84
59 77
59 69
29 40
11 53
5 77
22 56
58 70
72 89
41 46
59 99
67 76
49 95
2 21
48 59
11 73
68 93
40 50
46 48
15 48
9 85
59 62
19 70
26 36
37 97
53 66
17 22
74 97
14 75
12 40
7 38
3 57
16 89
27 38
11 52
82 83
33 51
2 23
37 84
12 50
52 72
18 22
46 47
49 71
85 96
48 56
54 62
74 87
78 88
26 98
25 60
36 88
57 92
9 46
8 47
29 87
43 81
15 71
34 97
20 39
65 72
30 74
90 91
44 48
2 69
1 25
42 88
67 93
19 88
47 64
12 53
42 96
21 91
11 99
7 94
70 82
4 76
90 99
22 70
67 89
51 60
3 74
37 81
39 77
47 93
22 82
19 82
14 56
19 36
32 55
59 92
29 52
18 53
65 90
10 87
1 72
8 41
0 3
61 78
4 12
17 51
35 78
48 93
36 37
29 86
5 99
22 43
19 66
1 97
28 51
13 99
55 69
27 52
20 59
62 72
20 87
64 87
61 79
81 86
71 75
29 66
60 66
69 96
8 17
22 46
61 82
32 61
9 69
41 51
17 58
3 31
16 43
13 98
9 82
22 96
7 17
7 88
32 68
14 51
9 34
25 55
16 66
13 85
40 77
95 98
65 86
24 71
10 44
49 54
17 81
0 20
7 44
27 97
69 92
50 92
18 49
37 39
4 70
1 89
23 47
0 25
46 99
73 95
1 30
1 35
23 62
58 84
17 25
84 91
9 27
11 42
21 62
4 11
2 12
55 68
54 82
8 30
6 17
13 65
9 51
45 70
12 37
51 64
27 61
22 77
12 26
4 85
83 85
31 51
9 91
4 10
44 70
5 38
86 95
44 74
44 75
16 51
61 67
0 53
0 88
12 75
88 97
2 28
29 78
28 61
60 94
21 97
6 13
61 64
14 82
42 77
47 63
39 52
34 61
29 77
1 82
36 51
20 86
3 23
6 96
7 92
21 87
11 93
17 21
17 64
40 78
38 54
55 85
31 45
60 87
45 87
64 95
26 50
0 98
29 82
62 93
35 95
8 49
77 78
6 26
38 81
27 64
15 38
5 22
29 84
41 99
37 63
85 92
29 31
26 46
62 92
67 98
43 53
75 86
17 91
53 75
9 55
41 55
28 95
54 68
28 83
12 64
3 6
28 88
44 62
16 78
17 69
32 99
22 89
48 72
92 95
50 93
44 56
5 46
62 75
13 42
19 37
63 95
6 81
26 29
0 42
55 64
3 58
88 96
40 60
36 52
12 18
39 58
58 66
22 87
29 71
79 87
43 48
32 92
47 79
14 88
5 7
6 63
24 26
4 15
23 87
22 73
64 72
10 96
76 92
3 86
24 34
88 93
6 64
23 68
56 84
27 88
32 56
7 35
42 79
16 18
40 65
60 63
5 94
13 75
1 49
86 92
10 21
22 59
8 87
20 42
29 85
53 90
32 37
24 48
32 82
14 55
28 65
32 59
26 70
14 21
8 84
0 38
12 25
28 33
41 54
1 75
31 95
49 68
40 59
30 55
97 98
35 56
77 84
55 89
15 24
35 42
2 6
28 96
5 40
3 17
15 72
29 75
34 48
30 41
38 65
11 49
17 34
3 55
65 84
25 96
11 70
64 65
56 76
15 20
20 41
22 60
50 55
8 93
72 91
10 39
49 94
68 92
13 29
10 34
37 73
57 74
18 84
2 40
20 38
23 66
24 44
87 90
12 52
8 39
34 96
31 35
44 47
67 70
27 76
37 72
48 62
6 21
0 6
49 56
54 77
45 81
52 93
53 58
49 73
5 23
6 47
36 89
18 74
38 73
17 90
12 24
38 75
8 91
19 21
14 87
30 97
15 98
26 53
7 20
42 86
2 14
8 23
5 10
11 63
7 57
23 24
9 33
29 63
38 60
16 90
38 71
5 61
35 80
74 99
82 84
64 67
50 51
93 97
21 92
28 58
14 22
12 67
6 35
17 59
16 71
22 62
5 87
67 83
44 99
63 92
8 99
70 84
0 72
39 78
45 93
17 84
61 99
15 86
28 66
5 26
2 44
46 74
31 32
41 98
67 82
83 84
75 80
47 50
25 37
24 52
0 30
20 91
94 98
18 19
24 62
8 67
4 89
41 63
5 37
34 45
53 70
77 81
23 65
6 61
2 70
34 68
16 69
50 91
31 72
75 77
19 26
31 82
10 90
45 89
39 50
1 6
10 33
29 81
3 53
11 39
60 95
80 81
5 60
21 27
19 79
27 83
86 96
44 71
46 68
33 84
44 83
25 81
54 91
76 91
11 31
0 47
18 78
23 99
11 12
22 48
27 86
0 81
80 82
24 94
23 51
0 91
78 82
82 94
37 71
63 83
12 31
48 49
36 63
6 22
54 94
51 79
5 96
0 10
20 71
21 28
16 17
18 48
9 58
21 46
7 26
56 98
25 26
5 58
27 50
46 52
24 31
7 61
4 58
12 43
90 92
20 56
29 74
25 29
2 90
53 79
1 53
44 53
19 52
0 13
3 51
68 97
6 31
9 74
24 27
50 73
13 71
15 62
71 76
56 60
31 46
4 55
13 83
3 75
4 77
14 52
91 93
48 81
59 76
42 89
24 53
26 45
4 97
25 54
68 90
51 57
0 66
68 94
2 57
28 57
19 43
80 86
35 57
27 94
77 80
41 87
18 31
23 89
19 65
28 93
2 55
38 44
92 99
12 73
11 13
32 42
35 58
1 86
31 92
43 62
58 99
0 69
33 41
10 18
54 63
35 65
88 89
1 62
10 16
8 68
23 64
0 93
55 71
22 99
1 31
13 14
1 63
1 56
16 75
2 33
41 90
48 87
23 59
19 62
45 61
27 57
29 55
42 47
66 71
51 52
55 61
66 94
23 91
5 42
70 81
24 78
7 79
43 80
14 50
49 66
25 76
11 37
42 72
31 99
64 96
19 64
63 78
27 56
39 90
18 93
32 50
30 45
27 79
4 22
35 91
34 69
22 85
54 92
8 96
48 68
16 82
44 50
54 97
7 15
6 84
29 67
15 23
33 96
20 23
7 27
20 30
78 85
66 92
46 96
4 74
2 79
15 47
10 63
62 79
19 61
54 69
19 94
70 80
77 85
51 89
47 49
13 36
27 80
50 76
47 81
24 96
40 57
20 46
25 94
88 99
48 90
32 39
14 46
60 72
13 33
9 15
65 66
90 93
86 94
6 69
45 46
12 70
68 83
74 93
24 75
23 98
63 69
81 97
3 22
60 98
50 58
78 98
15 96
79 90
0 59
20 84
86 90
58 63
45 59
32 66
64 86
98 99
46 98
1 60
71 96
76 85
56 88
13 44
31 56
42 91
49 93
19 40
9 32
21 76
4 91
73 77
4 71
18 71
28 78
30 78
26 30
41 72
16 42
53 54
17 85
31 80
32 75
46 67
10 20
26 88
14 24
1 48
11 82
69 74
7 19
18 83
75 94
49 57
67 75
11 83
6 77
11 17
10 91
39 93
18 32
53 59
12 98
48 86
31 94
7 11
55 98
35 41
81 95
16 30
6 68
14 33
72 82
34 95
10 83
12 16
3 59
0 7
27 40
32 45
13 68
55 88
74 83
76 79
32 71
11 41
65 71
39 80
1 3
86 97
32 51
16 29
80 93
58 61
64 74
8 12
59 86
21 82
55 86
29 64
69 95
42 49
1 37
52 95
3 88
7 91
1 5
11 77
13 72
0 12
1 91
39 92
52 87
11 27
63 87
65 78
13 34
14 40
64 70
24 29
46 97
78 96
57 85
28 52
89 93
31 84
33 91
34 74
69 81
96 97
26 77
5 85
46 79
49 63
5 17
22 79
46 87
24 43
27 74
7 21
33 40
49 70
6 80
23 75
55 83
2 72
25 98
59 98
59 94
79 85
5 43
6 70
8 46
18 33
46 49
13 48
73 85
60 65
38 45
14 64
23 41
18 59
65 76
21 81
51 92
16 73
28 92
38 83
5 82
33 73
27 84
23 31
27 30
41 77
39 43
18 76
15 28
67 97
52 67
18 96
70 88
8 31
74 84
60 64
15 93
0 8
13 50
44 80
40 64
39 59
15 44
50 86
82 87
53 95
6 88
20 70
0 54
3 54
16 24
62 63
40 82
42 62
15 85
55 60
78 81
36 57
27 68
42 60
0 85
22 26
11 97
35 62
3 66
6 11
48 92
43 47
4 45
28 40
55 78
23 86
49 83
7 12
14 67
1 94
8 82
3 62
69 94
46 63
52 70
46 53
70 90
20 27
67 77
40 56
14 19
2 43
28 64
23 61
7 66
7 54
0 83
82 93
20 60
31 76
4 33
42 57
74 90
11 40
11 57
5 54
16 25
78 91
77 99
1 99
35 82
16 47
78 90
51 58
31 34
54 79
10 46
21 47
31 97
64 71
19 39
33 65
2 91
56 58
87 93
12 60
15 92
13 17
11 69
30 72
63 94
63 82
56 68
49 75
61 89
36 99
10 29
6 58
84 85
7 58
15 81
35 86
12 72
17 27
73 97
56 90
45 71
15 88
13 58
31 81
11 67
20 44
25 75
25 59
17 44
9 76
4 64
52 74
10 26
9 77
27 58
64 79
81 83
36 87
30 59
16 96
27 78
14 53
38 55
26 28
34 46
12 78
49 53
63 86
20 33
63 89
23 92
85 91
24 61
71 82
0 24
10 56
22 28
59 73
49 62
58 93
69 77
6 74
19 56
52 64
51 54
45 88
15 70
49 98
56 83
12 42
75 81
10 12
45 58
58 95
61 80
31 55
68 86
35 94
18 25
12 22
50 95
21 88
76 82
36 69
44 94
6 95
45 74
16 68
49 77
1 2
49 88
79 84
41 96
20 22
25 27
53 96
5 35
2 46
12 99
43 59
18 56
47 97
54 72
3 48
61 94
4 86
54 89
25 88
59 64
39 79
32 58
70 99
26 97
32 73
0 28
16 49
71 74
75 98
29 37
29 30
19 85
28 81
47 73
44 54
56 62
44 49
25 58
5 29
6 59
24 38
43 70
69 82
72 78
23 77
57 84
64 75
9 29
10 17
28 77
21 22
84 93
39 44
43 98
45 53
8 34
10 28
15 37
35 88
67 85
7 36
34 64
54 85
43 66
16 84
25 43
1 18
4 13
18 58
72 74
62 98
7 97
22 23
66 99
29 44
22 61
37 86
15 89
38 93
60 75
70 89
39 64
54 57
54 95
26 85
12 35
21 55
49 60
88 94
76 95
63 76
9 24
2 5
42 66
51 59
62 83
71 91
24 66
26 69
53 63
21 34
44 46
18 86
67 94
6 75
4 20
16 67
25 49
33 54
42 51
6 23
10 81
54 61
31 40
63 85
24 59
21 63
43 86
18 65
39 95
44 58
16 97
6 97
26 82
44 82
28 75
63 88
47 85
3 84
11 84
54 81
8 80
39 74
38 74
24 81
34 90
66 72
40 94
0 80
31 69
57 93
52 79
27 96
